<?xml version="1.0" encoding="utf-8"?>
<COLLADA xmlns="http://www.collada.org/2005/11/COLLADASchema" version="1.4.1">
  <asset><contributor><author>Mixamo</author><authoring_tool>COLLADA Mixamo exporter</authoring_tool><comments></comments></contributor><created>2018-12-12T01:46:50Z</created><modified>2018-12-12T01:46:50Z</modified><revision></revision><title></title><unit meter="0.010000"/><up_axis>Y_UP</up_axis></asset>
  <library_animations>
    <animation id="arissa_Hips-anim" name="arissa_Hips"><source id="arissa_Hips-Matrix-animation-input"><float_array id="arissa_Hips-Matrix-animation-input-array" count="30">

0.000000 0.033333 0.066667 0.100000 0.133333 0.166667 0.200000 0.233333 0.266667 0.300000 0.333333 0.366667 0.400000 0.433333 0.466667 0.500000
0.533333 0.566667 0.600000 0.633333 0.666667 0.700000 0.733333 0.766667 0.800000 0.833333 0.866667 0.900000 0.933333 0.966667</float_array><technique_common><accessor source="#arissa_Hips-Matrix-animation-input-array" count="30"><param name="TIME" type="float"/></accessor></technique_common></source><source id="arissa_Hips-Matrix-animation-output-transform"><float_array id="arissa_Hips-Matrix-animation-output-transform-array" count="480">

0.972992 0.002212 -0.230829 0.021846 -0.044347 0.983119 -0.177509 79.564827 0.226540 0.182952 0.956665 -0.322729 0.000000 0.000000 0.000000 1.000000
0.974634 -0.012590 -0.223450 0.089620 -0.029972 0.982080 -0.186065 80.060120 0.221788 0.188042 0.956792 7.820857 0.000000 0.000000 0.000000 1.000000
0.977171 -0.026242 -0.210827 0.155549 -0.015447 0.980940 -0.193696 80.944862 0.211891 0.192530 0.958141 15.967310 0.000000 0.000000 0.000000 1.000000
0.980875 -0.037334 -0.191024 0.201710 -0.001509 0.979943 -0.199271 82.241234 0.194632 0.195748 0.961146 24.092995 0.000000 0.000000 0.000000 1.000000
0.985079 -0.043355 -0.166553 0.197607 0.009222 0.979657 -0.200468 83.687569 0.171856 0.195941 0.965439 32.187477 0.000000 0.000000 0.000000 1.000000
0.988299 -0.041275 -0.146836 0.157333 0.012007 0.980756 -0.194866 84.878120 0.152054 0.190823 0.969776 40.180584 0.000000 0.000000 0.000000 1.000000
0.989775 -0.029771 -0.139497 0.130282 0.003871 0.983222 -0.182369 85.343788 0.142586 0.179965 0.973284 48.059628 0.000000 0.000000 0.000000 1.000000
0.990719 -0.016618 -0.134908 0.144476 -0.006658 0.985375 -0.170272 84.911232 0.135764 0.169590 0.976118 55.971535 0.000000 0.000000 0.000000 1.000000
0.992632 -0.007383 -0.120942 0.185774 -0.012592 0.986452 -0.163565 83.693604 0.120511 0.163883 0.979091 63.952133 0.000000 0.000000 0.000000 1.000000
0.995346 -0.007798 -0.096052 0.308898 -0.007324 0.987718 -0.156075 82.113464 0.096089 0.156052 0.983064 71.884834 0.000000 0.000000 0.000000 1.000000
0.996753 -0.019039 -0.078231 0.579285 0.007557 0.989473 -0.144520 80.888969 0.080159 0.143460 0.986405 79.771935 0.000000 0.000000 0.000000 1.000000
0.996048 -0.034123 -0.082000 0.929558 0.023311 0.991323 -0.129363 80.322906 0.085702 0.126940 0.988201 87.666321 0.000000 0.000000 0.000000 1.000000
0.993004 -0.041730 -0.110457 1.120024 0.028105 0.992113 -0.122152 79.652809 0.114683 0.118193 0.986346 95.621330 0.000000 0.000000 0.000000 1.000000
0.989607 -0.042566 -0.137353 1.143504 0.025135 0.991682 -0.126233 79.171799 0.141584 0.121468 0.982446 103.685303 0.000000 0.000000 0.000000 1.000000
0.988054 -0.034284 -0.150244 1.111385 0.013883 0.990777 -0.134787 79.012993 0.153480 0.131091 0.979418 111.831238 0.000000 0.000000 0.000000 1.000000
0.988441 -0.017174 -0.150632 1.052183 -0.004321 0.989968 -0.141225 79.309952 0.151547 0.140244 0.978450 119.976738 0.000000 0.000000 0.000000 1.000000
0.989293 0.004230 -0.145883 0.950107 -0.026530 0.988138 -0.151259 80.116951 0.143513 0.153510 0.977670 128.011108 0.000000 0.000000 0.000000 1.000000
0.989149 0.023033 -0.145096 0.939910 -0.047174 0.985130 -0.165210 81.478989 0.139133 0.170262 0.975527 135.987473 0.000000 0.000000 0.000000 1.000000
0.987609 0.035452 -0.152877 1.064906 -0.063125 0.981610 -0.180159 83.255516 0.143678 0.187577 0.971685 143.923187 0.000000 0.000000 0.000000 1.000000
0.985150 0.037539 -0.167541 1.285725 -0.070031 0.978799 -0.192478 85.017746 0.156764 0.201353 0.966893 151.837585 0.000000 0.000000 0.000000 1.000000
0.982809 0.025074 -0.182917 1.567224 -0.062531 0.977387 -0.201999 86.373764 0.173716 0.209965 0.962153 159.735291 0.000000 0.000000 0.000000 1.000000
0.981028 0.006019 -0.193773 1.773842 -0.047074 0.977000 -0.207978 87.095810 0.188064 0.213154 0.958748 167.605927 0.000000 0.000000 0.000000 1.000000
0.979805 -0.011886 -0.199602 1.854036 -0.031090 0.977036 -0.210795 87.113907 0.197524 0.212743 0.956935 175.505157 0.000000 0.000000 0.000000 1.000000
0.979053 -0.020354 -0.202585 1.755135 -0.023627 0.976911 -0.212336 86.434380 0.202230 0.212675 0.955967 183.420502 0.000000 0.000000 0.000000 1.000000
0.978754 -0.019366 -0.204123 1.393391 -0.024544 0.977306 -0.210406 85.304565 0.203565 0.210946 0.956066 191.299469 0.000000 0.000000 0.000000 1.000000
0.977091 -0.010045 -0.212585 0.998835 -0.034093 0.978598 -0.202939 84.066429 0.210074 0.205538 0.955836 199.146149 0.000000 0.000000 0.000000 1.000000
0.973240 0.001741 -0.229786 0.708026 -0.046284 0.980963 -0.188600 82.852371 0.225084 0.194188 0.954792 206.962067 0.000000 0.000000 0.000000 1.000000
0.968371 0.009950 -0.249316 0.523862 -0.054313 0.983651 -0.171702 81.741890 0.243532 0.179813 0.953079 214.778931 0.000000 0.000000 0.000000 1.000000
0.967361 0.009160 -0.253235 0.319078 -0.052506 0.984904 -0.164947 80.675110 0.247902 0.172860 0.953239 222.661774 0.000000 0.000000 0.000000 1.000000
0.969775 0.005311 -0.243944 0.127388 -0.047996 0.984382 -0.169374 79.952873 0.239235 0.175963 0.954884 230.622894 0.000000 0.000000 0.000000 1.000000</float_array><technique_common><accessor source="#arissa_Hips-Matrix-animation-output-transform-array" count="30" stride="16"><param type="float4x4"/></accessor></technique_common></source><source id="arissa_Hips-Interpolations"><Name_array id="arissa_Hips-Interpolations-array" count="30">
 LINEAR LINEAR LINEAR LINEAR LINEAR LINEAR LINEAR LINEAR LINEAR LINEAR LINEAR
LINEAR LINEAR LINEAR LINEAR LINEAR LINEAR LINEAR LINEAR LINEAR LINEAR LINEAR LINEAR
LINEAR LINEAR LINEAR LINEAR LINEAR LINEAR LINEAR</Name_array><technique_common><accessor source="#arissa_Hips-Interpolations-array" count="30"><param type="name"/></accessor></technique_common></source><sampler id="arissa_Hips-Matrix-animation-transform"><input semantic="INPUT" source="#arissa_Hips-Matrix-animation-input"/><input semantic="OUTPUT" source="#arissa_Hips-Matrix-animation-output-transform"/><input semantic="INTERPOLATION" source="#arissa_Hips-Interpolations"/></sampler><channel source="#arissa_Hips-Matrix-animation-transform" target="arissa_Hips/matrix"/></animation>
    <animation id="arissa_Spine-anim" name="arissa_Spine"><source id="arissa_Spine-Matrix-animation-input"><float_array id="arissa_Spine-Matrix-animation-input-array" count="30">

0.000000 0.033333 0.066667 0.100000 0.133333 0.166667 0.200000 0.233333 0.266667 0.300000 0.333333 0.366667 0.400000 0.433333 0.466667 0.500000
0.533333 0.566667 0.600000 0.633333 0.666667 0.700000 0.733333 0.766667 0.800000 0.833333 0.866667 0.900000 0.933333 0.966667</float_array><technique_common><accessor source="#arissa_Spine-Matrix-animation-input-array" count="30"><param name="TIME" type="float"/></accessor></technique_common></source><source id="arissa_Spine-Matrix-animation-output-transform"><float_array id="arissa_Spine-Matrix-animation-output-transform-array" count="480">

0.997264 -0.042587 -0.060423 0.000000 0.032411 0.986524 -0.160372 9.226300 0.066438 0.157975 0.985205 1.577100 0.000000 0.000000 0.000000 1.000000
0.997811 -0.027227 -0.060270 -0.000000 0.017559 0.987682 -0.155485 9.226300 0.063761 0.154086 0.985998 1.577100 0.000000 0.000000 0.000000 1.000000
0.997928 -0.012495 -0.063114 0.000000 0.002733 0.988306 -0.152458 9.226300 0.064281 0.151970 0.986293 1.577100 0.000000 0.000000 0.000000 1.000000
0.997589 0.000289 -0.069397 -0.000000 -0.010753 0.988557 -0.150461 9.226300 0.068559 0.150845 0.986177 1.577100 0.000000 0.000000 0.000000 1.000000
0.997045 0.008094 -0.076386 -0.000000 -0.019263 0.989002 -0.146642 9.226300 0.074359 0.147680 0.986236 1.577100 0.000000 0.000000 0.000000 1.000000
0.996737 0.008540 -0.080269 0.000000 -0.019957 0.989589 -0.142532 9.226300 0.078216 0.143669 0.986530 1.577100 0.000000 0.000000 0.000000 1.000000
0.996855 0.003399 -0.079177 0.000000 -0.014467 0.990096 -0.139643 9.226300 0.077918 0.140349 0.987031 1.577100 0.000000 0.000000 0.000000 1.000000
0.996732 -0.000527 -0.080779 0.000000 -0.010560 0.990548 -0.136762 9.226300 0.080087 0.137168 0.987305 1.577100 0.000000 0.000000 0.000000 1.000000
0.995817 -0.000074 -0.091369 0.000000 -0.012046 0.991164 -0.132094 9.226300 0.090572 0.132642 0.987017 1.577100 0.000000 0.000000 0.000000 1.000000
0.993987 0.006869 -0.109284 0.000000 -0.021419 0.990948 -0.132524 9.226300 0.107384 0.134067 0.985137 1.577100 0.000000 0.000000 0.000000 1.000000
0.992342 0.020363 -0.121832 0.000000 -0.037780 0.989086 -0.142413 9.226300 0.117602 0.145926 0.982281 1.577100 0.000000 0.000000 0.000000 1.000000
0.992060 0.035185 -0.120747 0.000000 -0.054537 0.985460 -0.160918 9.226300 0.113329 0.166225 0.979554 1.577100 0.000000 0.000000 0.000000 1.000000
0.993273 0.042876 -0.107563 0.000000 -0.060741 0.983785 -0.168751 9.226300 0.098584 0.174150 0.979772 1.577100 0.000000 0.000000 0.000000 1.000000
0.994249 0.042341 -0.098366 0.000000 -0.058400 0.984294 -0.166599 9.226300 0.089767 0.171385 0.981106 1.577100 0.000000 0.000000 0.000000 1.000000
0.994549 0.030804 -0.099617 0.000000 -0.046684 0.985809 -0.161250 9.226300 0.093236 0.165022 0.981873 1.577100 0.000000 0.000000 0.000000 1.000000
0.994180 0.010803 -0.107187 -0.000000 -0.027886 0.986854 -0.159193 9.226300 0.104058 0.161255 0.981412 1.577100 0.000000 0.000000 0.000000 1.000000
0.993050 -0.013404 -0.116929 -0.000000 -0.005128 0.987623 -0.156765 9.226300 0.117583 0.156275 0.980690 1.577100 0.000000 0.000000 0.000000 1.000000
0.991922 -0.037121 -0.121294 0.000000 0.017943 0.987667 -0.155538 9.226300 0.125572 0.152105 0.980355 1.577100 0.000000 0.000000 0.000000 1.000000
0.991357 -0.057119 -0.118105 0.000000 0.038366 0.987113 -0.155356 9.226300 0.125457 0.149482 0.980773 1.577100 0.000000 0.000000 0.000000 1.000000
0.991387 -0.069145 -0.111221 0.000000 0.051558 0.986744 -0.153878 9.226300 0.120387 0.146818 0.981810 1.577100 0.000000 0.000000 0.000000 1.000000
0.991747 -0.068615 -0.108304 0.000000 0.052348 0.987829 -0.146472 9.226300 0.117036 0.139594 0.983268 1.577100 0.000000 0.000000 0.000000 1.000000
0.992373 -0.062028 -0.106526 -0.000000 0.047245 0.989570 -0.136085 9.226300 0.113856 0.130014 0.984953 1.577100 0.000000 0.000000 0.000000 1.000000
0.993181 -0.055443 -0.102552 0.000000 0.042114 0.990898 -0.127856 9.226300 0.108708 0.122666 0.986476 1.577100 0.000000 0.000000 0.000000 1.000000
0.993916 -0.054563 -0.095677 0.000000 0.042352 0.991213 -0.125309 9.226300 0.101673 0.120495 0.987494 1.577100 0.000000 0.000000 0.000000 1.000000
0.994697 -0.055831 -0.086377 0.000000 0.044621 0.990941 -0.126671 9.226300 0.092667 0.122145 0.988177 1.577100 0.000000 0.000000 0.000000 1.000000
0.995427 -0.058478 -0.075530 0.000000 0.047831 0.989582 -0.135793 9.226300 0.082684 0.131559 0.987854 1.577100 0.000000 0.000000 0.000000 1.000000
0.995839 -0.059326 -0.069169 -0.000000 0.048162 0.987025 -0.153175 9.226300 0.077359 0.149206 0.985775 1.577100 0.000000 0.000000 0.000000 1.000000
0.995953 -0.056121 -0.070203 0.000000 0.043308 0.984093 -0.172294 9.226300 0.078756 0.168556 0.982541 1.577100 0.000000 0.000000 0.000000 1.000000
0.996274 -0.049326 -0.070744 -0.000000 0.036186 0.983678 -0.176261 9.226300 0.078284 0.173044 0.981798 1.577100 0.000000 0.000000 0.000000 1.000000
0.996815 -0.044465 -0.066196 0.000000 0.032701 0.985032 -0.169243 9.226300 0.072730 0.166540 0.983349 1.577100 0.000000 0.000000 0.000000 1.000000</float_array><technique_common><accessor source="#arissa_Spine-Matrix-animation-output-transform-array" count="30" stride="16"><param type="float4x4"/></accessor></technique_common></source><source id="arissa_Spine-Interpolations"><Name_array id="arissa_Spine-Interpolations-array" count="30">
 LINEAR LINEAR LINEAR LINEAR LINEAR LINEAR LINEAR LINEAR LINEAR LINEAR LINEAR
LINEAR LINEAR LINEAR LINEAR LINEAR LINEAR LINEAR LINEAR LINEAR LINEAR LINEAR LINEAR
LINEAR LINEAR LINEAR LINEAR LINEAR LINEAR LINEAR</Name_array><technique_common><accessor source="#arissa_Spine-Interpolations-array" count="30"><param type="name"/></accessor></technique_common></source><sampler id="arissa_Spine-Matrix-animation-transform"><input semantic="INPUT" source="#arissa_Spine-Matrix-animation-input"/><input semantic="OUTPUT" source="#arissa_Spine-Matrix-animation-output-transform"/><input semantic="INTERPOLATION" source="#arissa_Spine-Interpolations"/></sampler><channel source="#arissa_Spine-Matrix-animation-transform" target="arissa_Spine/matrix"/></animation>
    <animation id="arissa_Spine1-anim" name="arissa_Spine1"><source id="arissa_Spine1-Matrix-animation-input"><float_array id="arissa_Spine1-Matrix-animation-input-array" count="30">

0.000000 0.033333 0.066667 0.100000 0.133333 0.166667 0.200000 0.233333 0.266667 0.300000 0.333333 0.366667 0.400000 0.433333 0.466667 0.500000
0.533333 0.566667 0.600000 0.633333 0.666667 0.700000 0.733333 0.766667 0.800000 0.833333 0.866667 0.900000 0.933333 0.966667</float_array><technique_common><accessor source="#arissa_Spine1-Matrix-animation-input-array" count="30"><param name="TIME" type="float"/></accessor></technique_common></source><source id="arissa_Spine1-Matrix-animation-output-transform"><float_array id="arissa_Spine1-Matrix-animation-output-transform-array" count="480">

0.999820 0.002746 -0.018793 -0.000000 -0.003899 0.998096 -0.061564 16.254000 0.018588 0.061626 0.997926 -0.165600 0.000000 0.000000 0.000000 1.000000
0.999818 0.004440 -0.018548 0.000000 -0.005527 0.998243 -0.058990 16.254000 0.018253 0.059081 0.998086 -0.165600 0.000000 0.000000 0.000000 1.000000
0.999804 0.005226 -0.019082 0.000000 -0.006324 0.998299 -0.057960 16.254000 0.018747 0.058069 0.998137 -0.165600 0.000000 0.000000 0.000000 1.000000
0.999781 0.004491 -0.020425 0.000000 -0.005675 0.998282 -0.058312 16.254000 0.020128 0.058415 0.998089 -0.165600 0.000000 0.000000 0.000000 1.000000
0.999758 0.001898 -0.021906 0.000000 -0.003193 0.998239 -0.059243 16.254000 0.021755 0.059298 0.998003 -0.165600 0.000000 0.000000 0.000000 1.000000
0.999742 -0.001570 -0.022656 0.000000 0.000171 0.998099 -0.061634 16.254000 0.022710 0.061614 0.997842 -0.165600 0.000000 0.000000 0.000000 1.000000
0.999736 -0.005715 -0.022251 0.000000 0.004206 0.997725 -0.067282 16.254000 0.022585 0.067171 0.997486 -0.165600 0.000000 0.000000 0.000000 1.000000
0.999690 -0.009519 -0.023026 0.000000 0.007831 0.997353 -0.072286 16.254000 0.023653 0.072083 0.997118 -0.165600 0.000000 0.000000 0.000000 1.000000
0.999567 -0.012538 -0.026635 -0.000000 0.010582 0.997322 -0.072369 16.254000 0.027471 0.072056 0.997022 -0.165600 0.000000 0.000000 0.000000 1.000000
0.999370 -0.013125 -0.032961 0.000000 0.010860 0.997628 -0.067976 16.254000 0.033775 0.067576 0.997142 -0.165600 0.000000 0.000000 0.000000 1.000000
0.999228 -0.011805 -0.037461 0.000000 0.009407 0.997933 -0.063564 16.254000 0.038134 0.063163 0.997274 -0.165600 0.000000 0.000000 0.000000 1.000000
0.999261 -0.010090 -0.037078 0.000000 0.007759 0.998015 -0.062497 16.254000 0.037635 0.062163 0.997356 -0.165600 0.000000 0.000000 0.000000 1.000000
0.999430 -0.008551 -0.032658 0.000000 0.006445 0.997926 -0.064049 16.254000 0.033137 0.063802 0.997412 -0.165600 0.000000 0.000000 0.000000 1.000000
0.999538 -0.007666 -0.029413 0.000000 0.005751 0.997891 -0.064664 16.254000 0.029846 0.064465 0.997474 -0.165600 0.000000 0.000000 0.000000 1.000000
0.999525 -0.009061 -0.029458 0.000000 0.007178 0.997960 -0.063437 16.254000 0.029973 0.063196 0.997551 -0.165600 0.000000 0.000000 0.000000 1.000000
0.999428 -0.012006 -0.031611 0.000000 0.010027 0.998024 -0.062025 16.254000 0.032293 0.061673 0.997574 -0.165600 0.000000 0.000000 0.000000 1.000000
0.999296 -0.013993 -0.034814 -0.000000 0.011892 0.998137 -0.059837 16.254000 0.035586 0.059381 0.997601 -0.165600 0.000000 0.000000 0.000000 1.000000
0.999193 -0.015728 -0.036951 0.000000 0.013584 0.998250 -0.057552 16.254000 0.037792 0.057004 0.997658 -0.165600 0.000000 0.000000 0.000000 1.000000
0.999157 -0.017429 -0.037178 0.000000 0.015313 0.998287 -0.056463 16.254000 0.038098 0.055847 0.997712 -0.165600 0.000000 0.000000 0.000000 1.000000
0.999185 -0.017833 -0.036200 0.000000 0.015753 0.998252 -0.056955 16.254000 0.037152 0.056338 0.997720 -0.165600 0.000000 0.000000 0.000000 1.000000
0.999246 -0.014994 -0.035825 -0.000000 0.012960 0.998328 -0.056338 16.254000 0.036610 0.055831 0.997769 -0.165600 0.000000 0.000000 0.000000 1.000000
0.999322 -0.010949 -0.035148 -0.000000 0.009005 0.998446 -0.054991 16.254000 0.035696 0.054637 0.997868 -0.165600 0.000000 0.000000 0.000000 1.000000
0.999421 -0.007079 -0.033294 0.000000 0.005288 0.998549 -0.053590 16.254000 0.033625 0.053383 0.998008 -0.165600 0.000000 0.000000 0.000000 1.000000
0.999525 -0.004240 -0.030532 -0.000000 0.002663 0.998668 -0.051524 16.254000 0.030710 0.051418 0.998205 -0.165600 0.000000 0.000000 0.000000 1.000000
0.999625 -0.002653 -0.027246 0.000000 0.001356 0.998870 -0.047505 16.254000 0.027341 0.047451 0.998499 -0.165600 0.000000 0.000000 0.000000 1.000000
0.999719 -0.002350 -0.023588 0.000000 0.001328 0.999062 -0.043281 16.254000 0.023667 0.043237 0.998784 -0.165600 0.000000 0.000000 0.000000 1.000000
0.999770 -0.001634 -0.021374 -0.000000 0.000676 0.998999 -0.044731 16.254000 0.021426 0.044706 0.998770 -0.165600 0.000000 0.000000 0.000000 1.000000
0.999765 0.000577 -0.021683 0.000000 -0.001768 0.998488 -0.054943 16.254000 0.021619 0.054968 0.998254 -0.165600 0.000000 0.000000 0.000000 1.000000
0.999756 0.002825 -0.021900 0.000000 -0.004230 0.997916 -0.064385 16.254000 0.021672 0.064462 0.997685 -0.165600 0.000000 0.000000 0.000000 1.000000
0.999783 0.003418 -0.020546 -0.000000 -0.004754 0.997853 -0.065324 16.254000 0.020279 0.065407 0.997653 -0.165600 0.000000 0.000000 0.000000 1.000000</float_array><technique_common><accessor source="#arissa_Spine1-Matrix-animation-output-transform-array" count="30" stride="16"><param type="float4x4"/></accessor></technique_common></source><source id="arissa_Spine1-Interpolations"><Name_array id="arissa_Spine1-Interpolations-array" count="30">
 LINEAR LINEAR LINEAR LINEAR LINEAR LINEAR LINEAR LINEAR LINEAR LINEAR LINEAR
LINEAR LINEAR LINEAR LINEAR LINEAR LINEAR LINEAR LINEAR LINEAR LINEAR LINEAR LINEAR
LINEAR LINEAR LINEAR LINEAR LINEAR LINEAR LINEAR</Name_array><technique_common><accessor source="#arissa_Spine1-Interpolations-array" count="30"><param type="name"/></accessor></technique_common></source><sampler id="arissa_Spine1-Matrix-animation-transform"><input semantic="INPUT" source="#arissa_Spine1-Matrix-animation-input"/><input semantic="OUTPUT" source="#arissa_Spine1-Matrix-animation-output-transform"/><input semantic="INTERPOLATION" source="#arissa_Spine1-Interpolations"/></sampler><channel source="#arissa_Spine1-Matrix-animation-transform" target="arissa_Spine1/matrix"/></animation>
    <animation id="arissa_Spine2-anim" name="arissa_Spine2"><source id="arissa_Spine2-Matrix-animation-input"><float_array id="arissa_Spine2-Matrix-animation-input-array" count="30">

0.000000 0.033333 0.066667 0.100000 0.133333 0.166667 0.200000 0.233333 0.266667 0.300000 0.333333 0.366667 0.400000 0.433333 0.466667 0.500000
0.533333 0.566667 0.600000 0.633333 0.666667 0.700000 0.733333 0.766667 0.800000 0.833333 0.866667 0.900000 0.933333 0.966667</float_array><technique_common><accessor source="#arissa_Spine2-Matrix-animation-input-array" count="30"><param name="TIME" type="float"/></accessor></technique_common></source><source id="arissa_Spine2-Matrix-animation-output-transform"><float_array id="arissa_Spine2-Matrix-animation-output-transform-array" count="480">

0.999813 0.002928 -0.019138 -0.000000 -0.004099 0.998105 -0.061393 13.639600 0.018922 0.061460 0.997930 -1.292300 0.000000 0.000000 0.000000 1.000000
0.999812 0.004597 -0.018835 0.000000 -0.005698 0.998251 -0.058843 13.639600 0.018532 0.058939 0.998090 -1.292300 0.000000 0.000000 0.000000 1.000000
0.999799 0.005384 -0.019294 0.000000 -0.006493 0.998304 -0.057845 13.639600 0.018950 0.057958 0.998139 -1.292300 0.000000 0.000000 0.000000 1.000000
0.999778 0.004682 -0.020543 -0.000000 -0.005872 0.998285 -0.058243 13.639600 0.020235 0.058351 0.998091 -1.292300 0.000000 0.000000 0.000000 1.000000
0.999757 0.002149 -0.021927 -0.000000 -0.003445 0.998238 -0.059236 13.639600 0.021761 0.059297 0.998003 -1.292300 0.000000 0.000000 0.000000 1.000000
0.999743 -0.001243 -0.022626 0.000000 -0.000155 0.998096 -0.061679 13.639600 0.022659 0.061667 0.997840 -1.292300 0.000000 0.000000 0.000000 1.000000
0.999737 -0.005280 -0.022325 0.000000 0.003766 0.997724 -0.067330 13.639600 0.022630 0.067228 0.997481 -1.292300 0.000000 0.000000 0.000000 1.000000
0.999689 -0.008953 -0.023272 0.000000 0.007249 0.997356 -0.072313 13.639600 0.023858 0.072122 0.997110 -1.292300 0.000000 0.000000 0.000000 1.000000
0.999565 -0.011848 -0.027003 -0.000000 0.009866 0.997328 -0.072388 13.639600 0.027788 0.072090 0.997011 -1.292300 0.000000 0.000000 0.000000 1.000000
0.999369 -0.012400 -0.033283 0.000000 0.010113 0.997633 -0.068022 13.639600 0.034047 0.067642 0.997129 -1.292300 0.000000 0.000000 0.000000 1.000000
0.999229 -0.011189 -0.037638 0.000000 0.008775 0.997932 -0.063682 13.639600 0.038273 0.063302 0.997260 -1.292300 0.000000 0.000000 0.000000 1.000000
0.999265 -0.009687 -0.037088 0.000000 0.007347 0.998005 -0.062707 13.639600 0.037622 0.062388 0.997343 -1.292300 0.000000 0.000000 0.000000 1.000000
0.999435 -0.008245 -0.032589 0.000000 0.006137 0.997913 -0.064275 13.639600 0.033051 0.064039 0.997400 -1.292300 0.000000 0.000000 0.000000 1.000000
0.999542 -0.007383 -0.029355 0.000000 0.005466 0.997881 -0.064841 13.639600 0.029771 0.064650 0.997464 -1.292300 0.000000 0.000000 0.000000 1.000000
0.999528 -0.008772 -0.029453 0.000000 0.006885 0.997954 -0.063563 13.639600 0.029950 0.063330 0.997543 -1.292300 0.000000 0.000000 0.000000 1.000000
0.999430 -0.011705 -0.031660 0.000000 0.009721 0.998021 -0.062122 13.639600 0.032324 0.061778 0.997566 -1.292300 0.000000 0.000000 0.000000 1.000000
0.999296 -0.013685 -0.034919 0.000000 0.011577 0.998138 -0.059887 13.639600 0.035673 0.059441 0.997594 -1.292300 0.000000 0.000000 0.000000 1.000000
0.999192 -0.015424 -0.037111 0.000000 0.013272 0.998254 -0.057549 13.639600 0.037934 0.057010 0.997653 -1.292300 0.000000 0.000000 0.000000 1.000000
0.999153 -0.017117 -0.037412 0.000000 0.014990 0.998296 -0.056402 13.639600 0.038314 0.055793 0.997707 -1.292300 0.000000 0.000000 0.000000 1.000000
0.999180 -0.017483 -0.036529 0.000000 0.015389 0.998266 -0.056825 13.639600 0.037459 0.056216 0.997716 -1.292300 0.000000 0.000000 0.000000 1.000000
0.999237 -0.014606 -0.036221 0.000000 0.012558 0.998344 -0.056131 13.639600 0.036981 0.055633 0.997766 -1.292300 0.000000 0.000000 0.000000 1.000000
0.999312 -0.010529 -0.035563 -0.000000 0.008572 0.998464 -0.054739 13.639600 0.036085 0.054397 0.997867 -1.292300 0.000000 0.000000 0.000000 1.000000
0.999411 -0.006646 -0.033681 0.000000 0.004842 0.998565 -0.053340 13.639600 0.033987 0.053145 0.998008 -1.292300 0.000000 0.000000 0.000000 1.000000
0.999516 -0.003843 -0.030877 -0.000000 0.002255 0.998681 -0.051294 13.639600 0.031034 0.051199 0.998206 -1.292300 0.000000 0.000000 0.000000 1.000000
0.999618 -0.002380 -0.027549 0.000000 0.001075 0.998880 -0.047296 13.639600 0.027631 0.047249 0.998501 -1.292300 0.000000 0.000000 0.000000 1.000000
0.999713 -0.002258 -0.023861 0.000000 0.001228 0.999070 -0.043091 13.639600 0.023936 0.043049 0.998786 -1.292300 0.000000 0.000000 0.000000 1.000000
0.999764 -0.001647 -0.021668 0.000000 0.000680 0.999007 -0.044539 13.639600 0.021720 0.044514 0.998773 -1.292300 0.000000 0.000000 0.000000 1.000000
0.999757 0.000636 -0.022056 0.000000 -0.001843 0.998500 -0.054725 13.639600 0.021988 0.054752 0.998258 -1.292300 0.000000 0.000000 0.000000 1.000000
0.999746 0.003026 -0.022318 0.000000 -0.004452 0.997930 -0.064156 13.639600 0.022077 0.064239 0.997690 -1.292300 0.000000 0.000000 0.000000 1.000000
0.999774 0.003648 -0.020943 -0.000000 -0.005005 0.997865 -0.065117 13.639600 0.020661 0.065207 0.997658 -1.292300 0.000000 0.000000 0.000000 1.000000</float_array><technique_common><accessor source="#arissa_Spine2-Matrix-animation-output-transform-array" count="30" stride="16"><param type="float4x4"/></accessor></technique_common></source><source id="arissa_Spine2-Interpolations"><Name_array id="arissa_Spine2-Interpolations-array" count="30">
 LINEAR LINEAR LINEAR LINEAR LINEAR LINEAR LINEAR LINEAR LINEAR LINEAR LINEAR
LINEAR LINEAR LINEAR LINEAR LINEAR LINEAR LINEAR LINEAR LINEAR LINEAR LINEAR LINEAR
LINEAR LINEAR LINEAR LINEAR LINEAR LINEAR LINEAR</Name_array><technique_common><accessor source="#arissa_Spine2-Interpolations-array" count="30"><param type="name"/></accessor></technique_common></source><sampler id="arissa_Spine2-Matrix-animation-transform"><input semantic="INPUT" source="#arissa_Spine2-Matrix-animation-input"/><input semantic="OUTPUT" source="#arissa_Spine2-Matrix-animation-output-transform"/><input semantic="INTERPOLATION" source="#arissa_Spine2-Interpolations"/></sampler><channel source="#arissa_Spine2-Matrix-animation-transform" target="arissa_Spine2/matrix"/></animation>
    <animation id="arissa_Neck-anim" name="arissa_Neck"><source id="arissa_Neck-Matrix-animation-input"><float_array id="arissa_Neck-Matrix-animation-input-array" count="30">

0.000000 0.033333 0.066667 0.100000 0.133333 0.166667 0.200000 0.233333 0.266667 0.300000 0.333333 0.366667 0.400000 0.433333 0.466667 0.500000
0.533333 0.566667 0.600000 0.633333 0.666667 0.700000 0.733333 0.766667 0.800000 0.833333 0.866667 0.900000 0.933333 0.966667</float_array><technique_common><accessor source="#arissa_Neck-Matrix-animation-input-array" count="30"><param name="TIME" type="float"/></accessor></technique_common></source><source id="arissa_Neck-Matrix-animation-output-transform"><float_array id="arissa_Neck-Matrix-animation-output-transform-array" count="480">

0.999386 -0.010284 0.033496 0.000000 0.011295 0.999482 -0.030145 13.877400 -0.033169 0.030505 0.998984 -4.354200 0.000000 0.000000 0.000000 1.000000
0.999385 -0.010225 0.033547 -0.000000 0.011254 0.999468 -0.030623 13.877400 -0.033216 0.030982 0.998968 -4.354200 0.000000 0.000000 0.000000 1.000000
0.999394 -0.010440 0.033194 0.000000 0.011485 0.999439 -0.031447 13.877400 -0.032847 0.031810 0.998954 -4.354200 0.000000 0.000000 0.000000 1.000000
0.999415 -0.011004 0.032381 0.000000 0.012085 0.999369 -0.033387 13.877400 -0.031993 0.033759 0.998918 -4.354200 0.000000 0.000000 0.000000 1.000000
0.999442 -0.011432 0.031390 0.000000 0.012592 0.999235 -0.037017 13.877400 -0.030943 0.037392 0.998822 -4.354200 0.000000 0.000000 0.000000 1.000000
0.999471 -0.011611 0.030370 0.000000 0.012838 0.999096 -0.040523 13.877400 -0.029872 0.040892 0.998717 -4.354200 0.000000 0.000000 0.000000 1.000000
0.999496 -0.011157 0.029732 0.000000 0.012384 0.999064 -0.041440 13.877400 -0.029242 0.041787 0.998699 -4.354200 0.000000 0.000000 0.000000 1.000000
0.999510 -0.011235 0.029212 -0.000000 0.012416 0.999100 -0.040549 13.877400 -0.028731 0.040892 0.998750 -4.354200 0.000000 0.000000 0.000000 1.000000
0.999513 -0.012718 0.028494 0.000000 0.013858 0.999096 -0.040195 13.877400 -0.027957 0.040571 0.998785 -4.354200 0.000000 0.000000 0.000000 1.000000
0.999522 -0.014138 0.027476 0.000000 0.015271 0.999022 -0.041487 13.877400 -0.026863 0.041887 0.998761 -4.354200 0.000000 0.000000 0.000000 1.000000
0.999557 -0.013869 0.026348 -0.000000 0.015012 0.998931 -0.043713 13.877400 -0.025714 0.044090 0.998697 -4.354200 0.000000 0.000000 0.000000 1.000000
0.999598 -0.011841 0.025758 0.000000 0.013017 0.998857 -0.046002 13.877400 -0.025184 0.046319 0.998609 -4.354200 0.000000 0.000000 0.000000 1.000000
0.999599 -0.010633 0.026230 0.000000 0.011864 0.998814 -0.047226 13.877400 -0.025696 0.047518 0.998540 -4.354200 0.000000 0.000000 0.000000 1.000000
0.999573 -0.011353 0.026941 -0.000000 0.012576 0.998877 -0.045675 13.877400 -0.026393 0.045995 0.998593 -4.354200 0.000000 0.000000 0.000000 1.000000
0.999550 -0.012461 0.027276 -0.000000 0.013615 0.999002 -0.042541 13.877400 -0.026718 0.042893 0.998722 -4.354200 0.000000 0.000000 0.000000 1.000000
0.999541 -0.013687 0.027025 0.000000 0.014746 0.999115 -0.039397 13.877400 -0.026462 0.039777 0.998858 -4.354200 0.000000 0.000000 0.000000 1.000000
0.999499 -0.016638 0.026914 -0.000000 0.017668 0.999102 -0.038518 13.877400 -0.026249 0.038974 0.998895 -4.354200 0.000000 0.000000 0.000000 1.000000
0.999446 -0.020368 0.026311 0.000000 0.021382 0.999017 -0.038839 13.877400 -0.025494 0.039380 0.998899 -4.354200 0.000000 0.000000 0.000000 1.000000
0.999402 -0.023640 0.025241 -0.000000 0.024597 0.998963 -0.038306 13.877400 -0.024309 0.038904 0.998947 -4.354200 0.000000 0.000000 0.000000 1.000000
0.999365 -0.025972 0.024412 0.000000 0.026855 0.998970 -0.036568 13.877400 -0.023437 0.037200 0.999033 -4.354200 0.000000 0.000000 0.000000 1.000000
0.999319 -0.027540 0.024547 0.000000 0.028417 0.998943 -0.036123 13.877400 -0.023526 0.036796 0.999046 -4.354200 0.000000 0.000000 0.000000 1.000000
0.999294 -0.028092 0.024951 0.000000 0.028995 0.998909 -0.036614 13.877400 -0.023896 0.037311 0.999018 -4.354200 0.000000 0.000000 0.000000 1.000000
0.999303 -0.027655 0.025055 0.000000 0.028560 0.998925 -0.036520 13.877400 -0.024019 0.037211 0.999019 -4.354200 0.000000 0.000000 0.000000 1.000000
0.999324 -0.027343 0.024570 -0.000000 0.028207 0.998970 -0.035538 13.877400 -0.023573 0.036207 0.999066 -4.354200 0.000000 0.000000 0.000000 1.000000
0.999338 -0.027534 0.023773 0.000000 0.028355 0.998988 -0.034921 13.877400 -0.022787 0.035572 0.999107 -4.354200 0.000000 0.000000 0.000000 1.000000
0.999357 -0.026385 0.024260 -0.000000 0.027218 0.999028 -0.034673 13.877400 -0.023321 0.035312 0.999104 -4.354200 0.000000 0.000000 0.000000 1.000000
0.999377 -0.022545 0.027162 0.000000 0.023450 0.999164 -0.033487 13.877400 -0.026384 0.034103 0.999070 -4.354200 0.000000 0.000000 0.000000 1.000000
0.999358 -0.016288 0.031902 0.000000 0.017271 0.999377 -0.030785 13.877400 -0.031381 0.031316 0.999017 -4.354200 0.000000 0.000000 0.000000 1.000000
0.999334 -0.012217 0.034372 0.000000 0.013167 0.999534 -0.027554 13.877400 -0.034020 0.027988 0.999029 -4.354200 0.000000 0.000000 0.000000 1.000000
0.999350 -0.010605 0.034443 0.000000 0.011564 0.999547 -0.027776 13.877400 -0.034133 0.028157 0.999021 -4.354200 0.000000 0.000000 0.000000 1.000000</float_array><technique_common><accessor source="#arissa_Neck-Matrix-animation-output-transform-array" count="30" stride="16"><param type="float4x4"/></accessor></technique_common></source><source id="arissa_Neck-Interpolations"><Name_array id="arissa_Neck-Interpolations-array" count="30">
 LINEAR LINEAR LINEAR LINEAR LINEAR LINEAR LINEAR LINEAR LINEAR LINEAR LINEAR
LINEAR LINEAR LINEAR LINEAR LINEAR LINEAR LINEAR LINEAR LINEAR LINEAR LINEAR LINEAR
LINEAR LINEAR LINEAR LINEAR LINEAR LINEAR LINEAR</Name_array><technique_common><accessor source="#arissa_Neck-Interpolations-array" count="30"><param type="name"/></accessor></technique_common></source><sampler id="arissa_Neck-Matrix-animation-transform"><input semantic="INPUT" source="#arissa_Neck-Matrix-animation-input"/><input semantic="OUTPUT" source="#arissa_Neck-Matrix-animation-output-transform"/><input semantic="INTERPOLATION" source="#arissa_Neck-Interpolations"/></sampler><channel source="#arissa_Neck-Matrix-animation-transform" target="arissa_Neck/matrix"/></animation>
    <animation id="arissa_Neck1-anim" name="arissa_Neck1"><source id="arissa_Neck1-Matrix-animation-input"><float_array id="arissa_Neck1-Matrix-animation-input-array" count="30">

0.000000 0.033333 0.066667 0.100000 0.133333 0.166667 0.200000 0.233333 0.266667 0.300000 0.333333 0.366667 0.400000 0.433333 0.466667 0.500000
0.533333 0.566667 0.600000 0.633333 0.666667 0.700000 0.733333 0.766667 0.800000 0.833333 0.866667 0.900000 0.933333 0.966667</float_array><technique_common><accessor source="#arissa_Neck1-Matrix-animation-input-array" count="30"><param name="TIME" type="float"/></accessor></technique_common></source><source id="arissa_Neck1-Matrix-animation-output-transform"><float_array id="arissa_Neck1-Matrix-animation-output-transform-array" count="480">

0.999386 -0.010284 0.033496 0.000000 0.011295 0.999482 -0.030145 4.340000 -0.033169 0.030505 0.998984 0.926900 0.000000 0.000000 0.000000 1.000000
0.999385 -0.010225 0.033547 0.000000 0.011254 0.999468 -0.030625 4.340000 -0.033216 0.030984 0.998968 0.926900 0.000000 0.000000 0.000000 1.000000
0.999394 -0.010440 0.033194 0.000000 0.011485 0.999439 -0.031448 4.340000 -0.032848 0.031810 0.998954 0.926900 0.000000 0.000000 0.000000 1.000000
0.999415 -0.011004 0.032381 0.000000 0.012085 0.999369 -0.033387 4.340000 -0.031993 0.033759 0.998918 0.926900 0.000000 0.000000 0.000000 1.000000
0.999442 -0.011432 0.031390 0.000000 0.012592 0.999235 -0.037017 4.340000 -0.030943 0.037392 0.998822 0.926900 0.000000 0.000000 0.000000 1.000000
0.999471 -0.011611 0.030370 0.000000 0.012838 0.999096 -0.040522 4.340000 -0.029872 0.040891 0.998717 0.926900 0.000000 0.000000 0.000000 1.000000
0.999496 -0.011157 0.029732 0.000000 0.012384 0.999064 -0.041440 4.340000 -0.029242 0.041787 0.998699 0.926900 0.000000 0.000000 0.000000 1.000000
0.999510 -0.011235 0.029213 0.000000 0.012416 0.999100 -0.040549 4.340000 -0.028731 0.040891 0.998750 0.926900 0.000000 0.000000 0.000000 1.000000
0.999513 -0.012718 0.028494 -0.000000 0.013858 0.999096 -0.040196 4.340000 -0.027957 0.040571 0.998785 0.926900 0.000000 0.000000 0.000000 1.000000
0.999522 -0.014138 0.027476 0.000000 0.015271 0.999022 -0.041488 4.340000 -0.026863 0.041887 0.998761 0.926900 0.000000 0.000000 0.000000 1.000000
0.999557 -0.013869 0.026348 0.000000 0.015012 0.998931 -0.043713 4.340000 -0.025714 0.044090 0.998697 0.926900 0.000000 0.000000 0.000000 1.000000
0.999598 -0.011840 0.025758 -0.000000 0.013017 0.998856 -0.046005 4.340000 -0.025184 0.046321 0.998609 0.926900 0.000000 0.000000 0.000000 1.000000
0.999599 -0.010633 0.026230 0.000000 0.011864 0.998814 -0.047226 4.340000 -0.025696 0.047518 0.998540 0.926900 0.000000 0.000000 0.000000 1.000000
0.999573 -0.011353 0.026941 -0.000000 0.012576 0.998877 -0.045675 4.340000 -0.026393 0.045995 0.998593 0.926900 0.000000 0.000000 0.000000 1.000000
0.999550 -0.012461 0.027276 0.000000 0.013615 0.999002 -0.042541 4.340000 -0.026719 0.042893 0.998722 0.926900 0.000000 0.000000 0.000000 1.000000
0.999541 -0.013687 0.027025 0.000000 0.014746 0.999115 -0.039397 4.340000 -0.026462 0.039777 0.998858 0.926900 0.000000 0.000000 0.000000 1.000000
0.999499 -0.016638 0.026914 -0.000000 0.017668 0.999102 -0.038522 4.340000 -0.026249 0.038979 0.998895 0.926900 0.000000 0.000000 0.000000 1.000000
0.999446 -0.020370 0.026311 0.000000 0.021383 0.999017 -0.038836 4.340000 -0.025494 0.039377 0.998899 0.926900 0.000000 0.000000 0.000000 1.000000
0.999402 -0.023640 0.025240 0.000000 0.024597 0.998963 -0.038306 4.340000 -0.024309 0.038904 0.998947 0.926900 0.000000 0.000000 0.000000 1.000000
0.999365 -0.025972 0.024412 0.000000 0.026855 0.998970 -0.036570 4.340000 -0.023437 0.037202 0.999033 0.926900 0.000000 0.000000 0.000000 1.000000
0.999319 -0.027540 0.024547 -0.000000 0.028417 0.998943 -0.036126 4.340000 -0.023526 0.036799 0.999046 0.926900 0.000000 0.000000 0.000000 1.000000
0.999294 -0.028092 0.024951 0.000000 0.028995 0.998909 -0.036613 4.340000 -0.023896 0.037311 0.999018 0.926900 0.000000 0.000000 0.000000 1.000000
0.999303 -0.027655 0.025055 0.000000 0.028560 0.998925 -0.036521 4.340000 -0.024018 0.037211 0.999019 0.926900 0.000000 0.000000 0.000000 1.000000
0.999324 -0.027344 0.024570 0.000000 0.028208 0.998970 -0.035538 4.340000 -0.023572 0.036207 0.999066 0.926900 0.000000 0.000000 0.000000 1.000000
0.999338 -0.027534 0.023773 -0.000000 0.028356 0.998988 -0.034923 4.340000 -0.022787 0.035574 0.999107 0.926900 0.000000 0.000000 0.000000 1.000000
0.999357 -0.026384 0.024260 0.000000 0.027217 0.999028 -0.034673 4.340000 -0.023321 0.035311 0.999104 0.926900 0.000000 0.000000 0.000000 1.000000
0.999377 -0.022545 0.027162 0.000000 0.023450 0.999164 -0.033486 4.340000 -0.026384 0.034103 0.999070 0.926900 0.000000 0.000000 0.000000 1.000000
0.999358 -0.016288 0.031902 0.000000 0.017271 0.999377 -0.030785 4.340000 -0.031380 0.031317 0.999017 0.926900 0.000000 0.000000 0.000000 1.000000
0.999334 -0.012217 0.034373 0.000000 0.013167 0.999534 -0.027554 4.340000 -0.034020 0.027988 0.999029 0.926900 0.000000 0.000000 0.000000 1.000000
0.999350 -0.010605 0.034443 -0.000000 0.011564 0.999547 -0.027776 4.340000 -0.034133 0.028156 0.999021 0.926900 0.000000 0.000000 0.000000 1.000000</float_array><technique_common><accessor source="#arissa_Neck1-Matrix-animation-output-transform-array" count="30" stride="16"><param type="float4x4"/></accessor></technique_common></source><source id="arissa_Neck1-Interpolations"><Name_array id="arissa_Neck1-Interpolations-array" count="30">
 LINEAR LINEAR LINEAR LINEAR LINEAR LINEAR LINEAR LINEAR LINEAR LINEAR LINEAR
LINEAR LINEAR LINEAR LINEAR LINEAR LINEAR LINEAR LINEAR LINEAR LINEAR LINEAR LINEAR
LINEAR LINEAR LINEAR LINEAR LINEAR LINEAR LINEAR</Name_array><technique_common><accessor source="#arissa_Neck1-Interpolations-array" count="30"><param type="name"/></accessor></technique_common></source><sampler id="arissa_Neck1-Matrix-animation-transform"><input semantic="INPUT" source="#arissa_Neck1-Matrix-animation-input"/><input semantic="OUTPUT" source="#arissa_Neck1-Matrix-animation-output-transform"/><input semantic="INTERPOLATION" source="#arissa_Neck1-Interpolations"/></sampler><channel source="#arissa_Neck1-Matrix-animation-transform" target="arissa_Neck1/matrix"/></animation>
    <animation id="arissa_Head-anim" name="arissa_Head"><source id="arissa_Head-Matrix-animation-input"><float_array id="arissa_Head-Matrix-animation-input-array" count="30">

0.000000 0.033333 0.066667 0.100000 0.133333 0.166667 0.200000 0.233333 0.266667 0.300000 0.333333 0.366667 0.400000 0.433333 0.466667 0.500000
0.533333 0.566667 0.600000 0.633333 0.666667 0.700000 0.733333 0.766667 0.800000 0.833333 0.866667 0.900000 0.933333 0.966667</float_array><technique_common><accessor source="#arissa_Head-Matrix-animation-input-array" count="30"><param name="TIME" type="float"/></accessor></technique_common></source><source id="arissa_Head-Matrix-animation-output-transform"><float_array id="arissa_Head-Matrix-animation-output-transform-array" count="480">

0.999386 -0.010284 0.033496 0.000000 0.011295 0.999482 -0.030145 4.026600 -0.033169 0.030505 0.998984 0.858500 0.000000 0.000000 0.000000 1.000000
0.999385 -0.010225 0.033547 0.000000 0.011254 0.999468 -0.030621 4.026600 -0.033216 0.030980 0.998968 0.858500 0.000000 0.000000 0.000000 1.000000
0.999394 -0.010439 0.033194 -0.000000 0.011484 0.999439 -0.031447 4.026600 -0.032847 0.031810 0.998954 0.858500 0.000000 0.000000 0.000000 1.000000
0.999415 -0.011004 0.032381 0.000000 0.012085 0.999369 -0.033387 4.026600 -0.031993 0.033759 0.998918 0.858500 0.000000 0.000000 0.000000 1.000000
0.999442 -0.011432 0.031390 0.000000 0.012592 0.999235 -0.037017 4.026600 -0.030943 0.037391 0.998822 0.858500 0.000000 0.000000 0.000000 1.000000
0.999471 -0.011611 0.030370 0.000000 0.012838 0.999096 -0.040524 4.026600 -0.029872 0.040892 0.998717 0.858500 0.000000 0.000000 0.000000 1.000000
0.999496 -0.011157 0.029732 -0.000000 0.012385 0.999064 -0.041440 4.026600 -0.029242 0.041787 0.998699 0.858500 0.000000 0.000000 0.000000 1.000000
