<?xml version="1.0" encoding="utf-8"?>
<COLLADA xmlns="http://www.collada.org/2005/11/COLLADASchema" version="1.4.1">
  <asset><contributor><author>Mixamo</author><authoring_tool>COLLADA Mixamo exporter</authoring_tool><comments></comments></contributor><created>2018-12-10T18:49:30Z</created><modified>2018-12-10T18:49:30Z</modified><revision></revision><title></title><unit meter="0.010000"/><up_axis>Y_UP</up_axis></asset>
  <library_animations>
    <animation id="arissa_Hips-anim" name="arissa_Hips"><source id="arissa_Hips-Matrix-animation-input"><float_array id="arissa_Hips-Matrix-animation-input-array" count="57">

0.000000 0.033333 0.066667 0.100000 0.133333 0.166667 0.200000 0.233333 0.266667 0.300000 0.333333 0.366667 0.400000 0.433333 0.466667 0.500000
0.533333 0.566667 0.600000 0.633333 0.666667 0.700000 0.733333 0.766667 0.800000 0.833333 0.866667 0.900000 0.933333 0.966667 1.000000 1.033333
1.066667 1.100000 1.133333 1.166667 1.200000 1.233333 1.266667 1.300000 1.333333 1.366667 1.400000 1.433333 1.466667 1.500000 1.533333 1.566667
1.600000 1.633333 1.666667 1.700000 1.733333 1.766667 1.800000 1.833333 1.866667</float_array><technique_common><accessor source="#arissa_Hips-Matrix-animation-input-array" count="57"><param name="TIME" type="float"/></accessor></technique_common></source><source id="arissa_Hips-Matrix-animation-output-transform"><float_array id="arissa_Hips-Matrix-animation-output-transform-array" count="912">

0.522929 -0.060208 -0.850247 0.285002 0.069833 0.997175 -0.027662 85.761414 0.849511 -0.044909 0.525657 0.121627 0.000000 0.000000 0.000000 1.000000
0.523636 -0.059833 -0.849838 0.267078 0.069366 0.997213 -0.027469 85.629181 0.849113 -0.044566 0.526328 0.027745 0.000000 0.000000 0.000000 1.000000
0.525069 -0.059146 -0.849002 0.215064 0.067650 0.997326 -0.027640 85.460434 0.848367 -0.042922 0.527666 -0.116097 0.000000 0.000000 0.000000 1.000000
0.526973 -0.058472 -0.847868 0.111529 0.064173 0.997520 -0.028907 85.267273 0.847456 -0.039177 0.529418 -0.319784 0.000000 0.000000 0.000000 1.000000
0.528939 -0.057708 -0.846695 -0.018525 0.060192 0.997724 -0.030399 85.052490 0.846522 -0.034885 0.531209 -0.548824 0.000000 0.000000 0.000000 1.000000
0.530900 -0.056477 -0.845550 -0.172179 0.056029 0.997933 -0.031476 84.819542 0.845580 -0.030665 0.532967 -0.796133 0.000000 0.000000 0.000000 1.000000
0.532974 -0.054861 -0.844351 -0.346766 0.051581 0.998147 -0.032295 84.571480 0.844558 -0.026340 0.534816 -1.054456 0.000000 0.000000 0.000000 1.000000
0.535441 -0.052746 -0.842924 -0.538275 0.046405 0.998378 -0.032997 84.311516 0.843297 -0.021448 0.537020 -1.318923 0.000000 0.000000 0.000000 1.000000
0.538218 -0.050160 -0.841312 -0.740519 0.040984 0.998604 -0.033318 84.042336 0.841808 -0.016548 0.539523 -1.585277 0.000000 0.000000 0.000000 1.000000
0.541302 -0.047578 -0.839481 -0.952152 0.035975 0.998794 -0.033410 83.767029 0.840058 -0.012116 0.542361 -1.853716 0.000000 0.000000 0.000000 1.000000
0.544838 -0.044482 -0.837361 -1.177029 0.031042 0.998977 -0.032869 83.488556 0.837967 -0.008085 0.545661 -2.124919 0.000000 0.000000 0.000000 1.000000
0.548409 -0.040579 -0.835225 -1.409569 0.025881 0.999167 -0.031550 83.211761 0.835810 -0.004314 0.549002 -2.391913 0.000000 0.000000 0.000000 1.000000
0.551566 -0.036686 -0.833324 -1.640039 0.020047 0.999327 -0.030726 82.938393 0.833890 0.000242 0.551930 -2.651207 0.000000 0.000000 0.000000 1.000000
0.554552 -0.032854 -0.831501 -1.863723 0.014230 0.999449 -0.030000 82.671768 0.832028 0.004805 0.554713 -2.901395 0.000000 0.000000 0.000000 1.000000
0.557662 -0.028203 -0.829589 -2.081681 0.009303 0.999572 -0.027728 82.415619 0.830016 0.007745 0.557686 -3.139694 0.000000 0.000000 0.000000 1.000000
0.560878 -0.022761 -0.827585 -2.299332 0.004204 0.999687 -0.024645 82.172829 0.827888 0.010343 0.560799 -3.366514 0.000000 0.000000 0.000000 1.000000
0.563633 -0.016971 -0.825851 -2.515939 -0.002162 0.999755 -0.022020 81.946617 0.826022 0.014197 0.563458 -3.584347 0.000000 0.000000 0.000000 1.000000
0.565990 -0.011799 -0.824328 -2.731829 -0.009429 0.999740 -0.020784 81.740036 0.824358 0.019536 0.565731 -3.787855 0.000000 0.000000 0.000000 1.000000
0.568566 -0.007787 -0.822601 -2.953557 -0.016786 0.999637 -0.021064 81.556374 0.822466 0.025784 0.568229 -3.968626 0.000000 0.000000 0.000000 1.000000
0.570628 -0.004112 -0.821199 -3.175869 -0.024089 0.999473 -0.021743 81.398964 0.820855 0.032189 0.570228 -4.127997 0.000000 0.000000 0.000000 1.000000
0.571963 -0.000198 -0.820279 -3.392979 -0.031907 0.999238 -0.022490 81.270912 0.819658 0.039036 0.571521 -4.265863 0.000000 0.000000 0.000000 1.000000
0.573145 0.003910 -0.819444 -3.606331 -0.040166 0.998921 -0.023326 81.175499 0.818469 0.046283 0.572684 -4.378462 0.000000 0.000000 0.000000 1.000000
0.574193 0.007684 -0.818684 -3.812045 -0.048154 0.998542 -0.024401 81.116081 0.817303 0.053434 0.573726 -4.465847 0.000000 0.000000 0.000000 1.000000
0.575255 0.010912 -0.817902 -3.999973 -0.055493 0.998128 -0.025714 81.096054 0.816090 0.060180 0.574783 -4.529738 0.000000 0.000000 0.000000 1.000000
0.576871 0.013756 -0.816720 -4.162287 -0.062103 0.997703 -0.027061 81.118881 0.814471 0.066331 0.576400 -4.568165 0.000000 0.000000 0.000000 1.000000
0.578912 0.016025 -0.815233 -4.299746 -0.067646 0.997304 -0.028433 81.183289 0.812579 0.071607 0.578435 -4.577117 0.000000 0.000000 0.000000 1.000000
0.580693 0.017129 -0.813943 -4.414947 -0.071630 0.996976 -0.030122 81.286095 0.810966 0.075794 0.580164 -4.554276 0.000000 0.000000 0.000000 1.000000
0.581802 0.017189 -0.813149 -4.502253 -0.074345 0.996715 -0.032125 81.423851 0.809925 0.079144 0.581169 -4.502450 0.000000 0.000000 0.000000 1.000000
0.582516 0.017022 -0.812641 -4.555984 -0.076315 0.996510 -0.033831 81.592949 0.809229 0.081723 0.581782 -4.425721 0.000000 0.000000 0.000000 1.000000
0.583171 0.016856 -0.812175 -4.578433 -0.077308 0.996399 -0.034830 81.789742 0.808663 0.083099 0.582374 -4.324629 0.000000 0.000000 0.000000 1.000000
0.583860 0.016532 -0.811686 -4.572318 -0.077334 0.996379 -0.035334 82.010971 0.808163 0.083401 0.583024 -4.199658 0.000000 0.000000 0.000000 1.000000
0.584619 0.016031 -0.811150 -4.536120 -0.076838 0.996405 -0.035687 82.252823 0.807661 0.083191 0.583748 -4.052047 0.000000 0.000000 0.000000 1.000000
0.585127 0.015170 -0.810800 -4.469532 -0.075696 0.996481 -0.035983 82.511711 0.807401 0.082429 0.584216 -3.883663 0.000000 0.000000 0.000000 1.000000
0.585233 0.013740 -0.810748 -4.375030 -0.073333 0.996656 -0.036045 82.784691 0.807542 0.080549 0.584284 -3.697267 0.000000 0.000000 0.000000 1.000000
0.585221 0.011890 -0.810786 -4.253714 -0.070182 0.996883 -0.036038 83.067711 0.807831 0.077993 0.584232 -3.493335 0.000000 0.000000 0.000000 1.000000
0.585133 0.010065 -0.810875 -4.105725 -0.067014 0.997103 -0.035981 83.357018 0.808163 0.075394 0.584113 -3.273760 0.000000 0.000000 0.000000 1.000000
0.584683 0.008217 -0.811220 -3.932375 -0.063513 0.997343 -0.035675 83.649391 0.808772 0.072381 0.583651 -3.042380 0.000000 0.000000 0.000000 1.000000
0.583420 0.005768 -0.812150 -3.730392 -0.059127 0.997623 -0.035390 83.941261 0.810016 0.068668 0.582374 -2.803169 0.000000 0.000000 0.000000 1.000000
0.581406 0.002739 -0.813609 -3.499650 -0.053997 0.997920 -0.035226 84.229057 0.811820 0.064413 0.580344 -2.559183 0.000000 0.000000 0.000000 1.000000
0.579672 -0.000624 -0.814849 -3.248361 -0.048260 0.998218 -0.035096 84.509171 0.813419 0.059668 0.578609 -2.307052 0.000000 0.000000 0.000000 1.000000
0.577974 -0.004683 -0.816042 -2.979892 -0.041823 0.998499 -0.035351 84.778069 0.814983 0.054561 0.576911 -2.047191 0.000000 0.000000 0.000000 1.000000
0.574980 -0.009454 -0.818113 -2.698019 -0.034610 0.998757 -0.035866 85.032013 0.817435 0.048938 0.573938 -1.791174 0.000000 0.000000 0.000000 1.000000
0.571575 -0.014430 -0.820423 -2.410389 -0.027076 0.998969 -0.036433 85.267792 0.820103 0.043038 0.570595 -1.545266 0.000000 0.000000 0.000000 1.000000
0.568584 -0.019213 -0.822401 -2.123480 -0.020109 0.999104 -0.037244 85.481461 0.822379 0.037714 0.567688 -1.308552 0.000000 0.000000 0.000000 1.000000
0.565177 -0.023790 -0.824626 -1.842782 -0.013264 0.999193 -0.037917 85.669945 0.824863 0.032368 0.564406 -1.083207 0.000000 0.000000 0.000000 1.000000
0.560838 -0.028621 -0.827431 -1.565685 -0.005393 0.999255 -0.038221 85.829834 0.827908 0.025898 0.560266 -0.873305 0.000000 0.000000 0.000000 1.000000
0.555758 -0.033335 -0.830675 -1.292869 0.003135 0.999273 -0.038004 85.957375 0.831338 0.018517 0.555459 -0.676879 0.000000 0.000000 0.000000 1.000000
0.550425 -0.037425 -0.834045 -1.034570 0.011520 0.999240 -0.037236 86.050583 0.834805 0.010887 0.550438 -0.491012 0.000000 0.000000 0.000000 1.000000
0.545215 -0.041227 -0.837282 -0.796446 0.019926 0.999145 -0.036221 86.115379 0.838060 0.003065 0.545570 -0.320760 0.000000 0.000000 0.000000 1.000000
0.540392 -0.044860 -0.840216 -0.578399 0.028589 0.998980 -0.034949 86.153793 0.840927 -0.005134 0.541124 -0.173698 0.000000 0.000000 0.000000 1.000000
0.536262 -0.048041 -0.842683 -0.382307 0.037172 0.998754 -0.033284 86.166901 0.843233 -0.013475 0.537380 -0.051302 0.000000 0.000000 0.000000 1.000000
0.532450 -0.051001 -0.844924 -0.204778 0.045334 0.998469 -0.031701 86.155617 0.845247 -0.021424 0.533947 0.049341 0.000000 0.000000 0.000000 1.000000
0.528751 -0.053899 -0.847064 -0.045212 0.053092 0.998128 -0.030370 86.120750 0.847115 -0.028914 0.530622 0.128981 0.000000 0.000000 0.000000 1.000000
0.525822 -0.056708 -0.848702 0.091207 0.060241 0.997752 -0.029344 86.063637 0.848459 -0.035697 0.528056 0.185484 0.000000 0.000000 0.000000 1.000000
0.523930 -0.059125 -0.849707 0.203258 0.066079 0.997403 -0.028657 85.985222 0.849194 -0.041134 0.526476 0.216521 0.000000 0.000000 0.000000 1.000000
0.522963 -0.060119 -0.850232 0.264797 0.068895 0.997227 -0.028137 85.887238 0.849566 -0.043863 0.525655 0.192706 0.000000 0.000000 0.000000 1.000000
0.522929 -0.060208 -0.850247 0.285002 0.069833 0.997175 -0.027662 85.761414 0.849511 -0.044909 0.525657 0.121627 0.000000 0.000000 0.000000 1.000000</float_array><technique_common><accessor source="#arissa_Hips-Matrix-animation-output-transform-array" count="57" stride="16"><param type="float4x4"/></accessor></technique_common></source><source id="arissa_Hips-Interpolations"><Name_array id="arissa_Hips-Interpolations-array" count="57">
 LINEAR LINEAR LINEAR LINEAR LINEAR LINEAR LINEAR LINEAR LINEAR LINEAR LINEAR
LINEAR LINEAR LINEAR LINEAR LINEAR LINEAR LINEAR LINEAR LINEAR LINEAR LINEAR LINEAR
LINEAR LINEAR LINEAR LINEAR LINEAR LINEAR LINEAR LINEAR LINEAR LINEAR LINEAR LINEAR
LINEAR LINEAR LINEAR LINEAR LINEAR LINEAR LINEAR LINEAR LINEAR LINEAR LINEAR LINEAR
LINEAR LINEAR LINEAR LINEAR LINEAR LINEAR LINEAR LINEAR LINEAR LINEAR</Name_array><technique_common><accessor source="#arissa_Hips-Interpolations-array" count="57"><param type="name"/></accessor></technique_common></source><sampler id="arissa_Hips-Matrix-animation-transform"><input semantic="INPUT" source="#arissa_Hips-Matrix-animation-input"/><input semantic="OUTPUT" source="#arissa_Hips-Matrix-animation-output-transform"/><input semantic="INTERPOLATION" source="#arissa_Hips-Interpolations"/></sampler><channel source="#arissa_Hips-Matrix-animation-transform" target="arissa_Hips/matrix"/></animation>
    <animation id="arissa_Spine-anim" name="arissa_Spine"><source id="arissa_Spine-Matrix-animation-input"><float_array id="arissa_Spine-Matrix-animation-input-array" count="57">

0.000000 0.033333 0.066667 0.100000 0.133333 0.166667 0.200000 0.233333 0.266667 0.300000 0.333333 0.366667 0.400000 0.433333 0.466667 0.500000
0.533333 0.566667 0.600000 0.633333 0.666667 0.700000 0.733333 0.766667 0.800000 0.833333 0.866667 0.900000 0.933333 0.966667 1.000000 1.033333
1.066667 1.100000 1.133333 1.166667 1.200000 1.233333 1.266667 1.300000 1.333333 1.366667 1.400000 1.433333 1.466667 1.500000 1.533333 1.566667
1.600000 1.633333 1.666667 1.700000 1.733333 1.766667 1.800000 1.833333 1.866667</float_array><technique_common><accessor source="#arissa_Spine-Matrix-animation-input-array" count="57"><param name="TIME" type="float"/></accessor></technique_common></source><source id="arissa_Spine-Matrix-animation-output-transform"><float_array id="arissa_Spine-Matrix-animation-output-transform-array" count="912">

0.998817 0.048592 0.001619 0.000000 -0.047354 0.979840 -0.194090 9.226300 -0.011018 0.193784 0.980982 1.577100 0.000000 0.000000 0.000000 1.000000
0.998789 0.049179 0.001379 0.000000 -0.047983 0.979913 -0.193565 9.226300 -0.010871 0.193265 0.981086 1.577100 0.000000 0.000000 0.000000 1.000000
0.998754 0.049899 0.001162 -0.000000 -0.048728 0.979827 -0.193815 9.226300 -0.010810 0.193517 0.981037 1.577100 0.000000 0.000000 0.000000 1.000000
0.998732 0.050316 0.001302 0.000000 -0.049115 0.979885 -0.193425 9.226300 -0.011008 0.193116 0.981114 1.577100 0.000000 0.000000 0.000000 1.000000
0.998715 0.050671 0.001206 0.000000 -0.049488 0.979993 -0.192781 9.226300 -0.010950 0.192474 0.981241 1.577100 0.000000 0.000000 0.000000 1.000000
0.998697 0.051018 0.000845 -0.000000 -0.049907 0.980120 -0.192028 9.226300 -0.010626 0.191735 0.981389 1.577100 0.000000 0.000000 0.000000 1.000000
0.998693 0.051112 0.000592 0.000000 -0.050056 0.980270 -0.191221 9.226300 -0.010354 0.190941 0.981547 1.577100 0.000000 0.000000 0.000000 1.000000
0.998717 0.050637 0.000367 -0.000000 -0.049640 0.980444 -0.190434 9.226300 -0.010003 0.190172 0.981700 1.577100 0.000000 0.000000 0.000000 1.000000
0.998749 0.050006 -0.000182 -0.000000 -0.049131 0.980595 -0.189788 9.226300 -0.009312 0.189559 0.981825 1.577100 0.000000 0.000000 0.000000 1.000000
0.998764 0.049692 -0.000836 -0.000000 -0.048954 0.980747 -0.189048 9.226300 -0.008575 0.188855 0.981967 1.577100 0.000000 0.000000 0.000000 1.000000
0.998777 0.049427 -0.001461 0.000000 -0.048816 0.980861 -0.188489 9.226300 -0.007883 0.188330 0.982074 1.577100 0.000000 0.000000 0.000000 1.000000
0.998801 0.048896 -0.002190 -0.000000 -0.048434 0.980928 -0.188243 9.226300 -0.007056 0.188123 0.982120 1.577100 0.000000 0.000000 0.000000 1.000000
0.998847 0.047938 -0.002740 0.000000 -0.047600 0.981094 -0.187587 9.226300 -0.006304 0.187501 0.982244 1.577100 0.000000 0.000000 0.000000 1.000000
0.998896 0.046868 -0.003075 0.000000 -0.046618 0.981323 -0.186631 9.226300 -0.005729 0.186568 0.982425 1.577100 0.000000 0.000000 0.000000 1.000000
0.998929 0.046123 -0.003654 0.000000 -0.045999 0.981528 -0.185708 9.226300 -0.004979 0.185677 0.982598 1.577100 0.000000 0.000000 0.000000 1.000000
0.998968 0.045219 -0.004343 -0.000000 -0.045242 0.981712 -0.184916 9.226300 -0.004099 0.184922 0.982745 1.577100 0.000000 0.000000 0.000000 1.000000
0.999037 0.043643 -0.004430 0.000000 -0.043712 0.981874 -0.184423 9.226300 -0.003699 0.184439 0.982837 1.577100 0.000000 0.000000 0.000000 1.000000
0.999126 0.041609 -0.003968 0.000000 -0.041629 0.982042 -0.184014 9.226300 -0.003760 0.184018 0.982916 1.577100 0.000000 0.000000 0.000000 1.000000
0.999214 0.039440 -0.003864 0.000000 -0.039479 0.982235 -0.183453 9.226300 -0.003440 0.183461 0.983021 1.577100 0.000000 0.000000 0.000000 1.000000
0.999297 0.037289 -0.003985 0.000000 -0.037389 0.982429 -0.182851 9.226300 -0.002904 0.182871 0.983133 1.577100 0.000000 0.000000 0.000000 1.000000
0.999381 0.034965 -0.003833 0.000000 -0.035077 0.982563 -0.182591 9.226300 -0.002618 0.182613 0.983181 1.577100 0.000000 0.000000 0.000000 1.000000
0.999471 0.032348 -0.003505 0.000000 -0.032445 0.982680 -0.182449 9.226300 -0.002458 0.182466 0.983209 1.577100 0.000000 0.000000 0.000000 1.000000
0.999547 0.029916 -0.003317 0.000000 -0.030019 0.982830 -0.182054 9.226300 -0.002186 0.182071 0.983283 1.577100 0.000000 0.000000 0.000000 1.000000
0.999608 0.027808 -0.003162 -0.000000 -0.027920 0.982967 -0.181651 9.226300 -0.001943 0.181668 0.983358 1.577100 0.000000 0.000000 0.000000 1.000000
0.999666 0.025706 -0.002791 0.000000 -0.025785 0.983057 -0.181476 9.226300 -0.001921 0.181487 0.983391 1.577100 0.000000 0.000000 0.000000 1.000000
0.999716 0.023718 -0.002488 -0.000000 -0.023776 0.983160 -0.181195 9.226300 -0.001851 0.181203 0.983444 1.577100 0.000000 0.000000 0.000000 1.000000
0.999749 0.022290 -0.002309 0.000000 -0.022341 0.983369 -0.180237 9.226300 -0.001747 0.180243 0.983621 1.577100 0.000000 0.000000 0.000000 1.000000
0.999772 0.021234 -0.002221 0.000000 -0.021289 0.983655 -0.178803 9.226300 -0.001612 0.178810 0.983882 1.577100 0.000000 0.000000 0.000000 1.000000
0.999794 0.020182 -0.002163 0.000000 -0.020245 0.983899 -0.177575 9.226300 -0.001455 0.177582 0.984105 1.577100 0.000000 0.000000 0.000000 1.000000
0.999810 0.019361 -0.002205 0.000000 -0.019445 0.984057 -0.176789 9.226300 -0.001253 0.176798 0.984246 1.577100 0.000000 0.000000 0.000000 1.000000
0.999821 0.018766 -0.002358 0.000000 -0.018887 0.984145 -0.176358 9.226300 -0.000989 0.176371 0.984323 1.577100 0.000000 0.000000 0.000000 1.000000
0.999834 0.018054 -0.002571 -0.000000 -0.018225 0.984214 -0.176039 9.226300 -0.000647 0.176056 0.984380 1.577100 0.000000 0.000000 0.000000 1.000000
0.999845 0.017399 -0.002574 0.000000 -0.017581 0.984310 -0.175571 9.226300 -0.000521 0.175590 0.984463 1.577100 0.000000 0.000000 0.000000 1.000000
0.999850 0.017179 -0.002313 0.000000 -0.017318 0.984435 -0.174892 9.226300 -0.000727 0.174906 0.984585 1.577100 0.000000 0.000000 0.000000 1.000000
0.999851 0.017109 -0.002067 0.000000 -0.017207 0.984548 -0.174268 9.226300 -0.000947 0.174278 0.984696 1.577100 0.000000 0.000000 0.000000 1.000000
0.999856 0.016838 -0.001871 -0.000000 -0.016907 0.984596 -0.174026 9.226300 -0.001088 0.174033 0.984739 1.577100 0.000000 0.000000 0.000000 1.000000
0.999861 0.016578 -0.001574 -0.000000 -0.016599 0.984591 -0.174081 9.226300 -0.001336 0.174083 0.984730 1.577100 0.000000 0.000000 0.000000 1.000000
0.999860 0.016693 -0.001241 0.000000 -0.016654 0.984593 -0.174067 9.226300 -0.001684 0.174063 0.984733 1.577100 0.000000 0.000000 0.000000 1.000000
0.999851 0.017223 -0.000940 0.000000 -0.017124 0.984557 -0.174224 9.226300 -0.002075 0.174215 0.984706 1.577100 0.000000 0.000000 0.000000 1.000000
0.999842 0.017747 -0.000795 0.000000 -0.017613 0.984493 -0.174537 9.226300 -0.002315 0.174523 0.984650 1.577100 0.000000 0.000000 0.000000 1.000000
0.999831 0.018349 -0.000653 0.000000 -0.018181 0.984460 -0.174666 9.226300 -0.002562 0.174649 0.984627 1.577100 0.000000 0.000000 0.000000 1.000000
0.999807 0.019630 -0.000167 0.000000 -0.019358 0.984439 -0.174660 9.226300 -0.003264 0.174629 0.984629 1.577100 0.000000 0.000000 0.000000 1.000000
0.999774 0.021258 0.000232 -0.000000 -0.020890 0.984385 -0.174782 9.226300 -0.003944 0.174738 0.984607 1.577100 0.000000 0.000000 0.000000 1.000000
0.999747 0.022476 0.000226 0.000000 -0.022089 0.984327 -0.174964 9.226300 -0.004155 0.174915 0.984575 1.577100 0.000000 0.000000 0.000000 1.000000
0.999715 0.023860 0.000298 0.000000 -0.023438 0.984198 -0.175515 9.226300 -0.004481 0.175458 0.984477 1.577100 0.000000 0.000000 0.000000 1.000000
0.999660 0.026048 0.000842 0.000000 -0.025491 0.983970 -0.176501 9.226300 -0.005426 0.176420 0.984300 1.577100 0.000000 0.000000 0.000000 1.000000
0.999591 0.028539 0.001711 -0.000000 -0.027779 0.983640 -0.177992 9.226300 -0.006763 0.177872 0.984030 1.577100 0.000000 0.000000 0.000000 1.000000
0.999522 0.030829 0.002415 0.000000 -0.029892 0.983247 -0.179812 9.226300 -0.007918 0.179653 0.983698 1.577100 0.000000 0.000000 0.000000 1.000000
0.999447 0.033134 0.002852 0.000000 -0.032064 0.982830 -0.181704 9.226300 -0.008824 0.181512 0.983349 1.577100 0.000000 0.000000 0.000000 1.000000
0.999358 0.035717 0.002973 0.000000 -0.034565 0.982397 -0.183582 9.226300 -0.009478 0.183361 0.983000 1.577100 0.000000 0.000000 0.000000 1.000000
0.999258 0.038427 0.002627 0.000000 -0.037274 0.981949 -0.185435 9.226300 -0.009705 0.185199 0.982653 1.577100 0.000000 0.000000 0.000000 1.000000
0.999161 0.040886 0.002368 -0.000000 -0.039720 0.981520 -0.187194 9.226300 -0.009978 0.186943 0.982320 1.577100 0.000000 0.000000 0.000000 1.000000
0.999060 0.043283 0.002300 0.000000 -0.042071 0.981117 -0.188782 9.226300 -0.010428 0.188508 0.982016 1.577100 0.000000 0.000000 0.000000 1.000000
0.998966 0.045409 0.002131 0.000000 -0.044177 0.980775 -0.190078 9.226300 -0.010722 0.189787 0.981767 1.577100 0.000000 0.000000 0.000000 1.000000
0.998911 0.046609 0.001966 -0.000000 -0.045376 0.980544 -0.190985 9.226300 -0.010830 0.190688 0.981591 1.577100 0.000000 0.000000 0.000000 1.000000
0.998868 0.047538 0.001870 -0.000000 -0.046295 0.980305 -0.191987 9.226300 -0.010960 0.191683 0.981396 1.577100 0.000000 0.000000 0.000000 1.000000
0.998817 0.048592 0.001619 0.000000 -0.047354 0.979840 -0.194090 9.226300 -0.011018 0.193784 0.980982 1.577100 0.000000 0.000000 0.000000 1.000000</float_array><technique_common><accessor source="#arissa_Spine-Matrix-animation-output-transform-array" count="57" stride="16"><param type="float4x4"/></accessor></technique_common></source><source id="arissa_Spine-Interpolations"><Name_array id="arissa_Spine-Interpolations-array" count="57">
 LINEAR LINEAR LINEAR LINEAR LINEAR LINEAR LINEAR LINEAR LINEAR LINEAR LINEAR
LINEAR LINEAR LINEAR LINEAR LINEAR LINEAR LINEAR LINEAR LINEAR LINEAR LINEAR LINEAR
LINEAR LINEAR LINEAR LINEAR LINEAR LINEAR LINEAR LINEAR LINEAR LINEAR LINEAR LINEAR
LINEAR LINEAR LINEAR LINEAR LINEAR LINEAR LINEAR LINEAR LINEAR LINEAR LINEAR LINEAR
LINEAR LINEAR LINEAR LINEAR LINEAR LINEAR LINEAR LINEAR LINEAR LINEAR</Name_array><technique_common><accessor source="#arissa_Spine-Interpolations-array" count="57"><param type="name"/></accessor></technique_common></source><sampler id="arissa_Spine-Matrix-animation-transform"><input semantic="INPUT" source="#arissa_Spine-Matrix-animation-input"/><input semantic="OUTPUT" source="#arissa_Spine-Matrix-animation-output-transform"/><input semantic="INTERPOLATION" source="#arissa_Spine-Interpolations"/></sampler><channel source="#arissa_Spine-Matrix-animation-transform" target="arissa_Spine/matrix"/></animation>
    <animation id="arissa_Spine1-anim" name="arissa_Spine1"><source id="arissa_Spine1-Matrix-animation-input"><float_array id="arissa_Spine1-Matrix-animation-input-array" count="57">

0.000000 0.033333 0.066667 0.100000 0.133333 0.166667 0.200000 0.233333 0.266667 0.300000 0.333333 0.366667 0.400000 0.433333 0.466667 0.500000
0.533333 0.566667 0.600000 0.633333 0.666667 0.700000 0.733333 0.766667 0.800000 0.833333 0.866667 0.900000 0.933333 0.966667 1.000000 1.033333
1.066667 1.100000 1.133333 1.166667 1.200000 1.233333 1.266667 1.300000 1.333333 1.366667 1.400000 1.433333 1.466667 1.500000 1.533333 1.566667
1.600000 1.633333 1.666667 1.700000 1.733333 1.766667 1.800000 1.833333 1.866667</float_array><technique_common><accessor source="#arissa_Spine1-Matrix-animation-input-array" count="57"><param name="TIME" type="float"/></accessor></technique_common></source><source id="arissa_Spine1-Matrix-animation-output-transform"><float_array id="arissa_Spine1-Matrix-animation-output-transform-array" count="912">

0.995240 0.097449 0.000484 0.000000 -0.096325 0.984483 -0.146680 16.254000 -0.014770 0.145935 0.989184 -0.165600 0.000000 0.000000 0.000000 1.000000
0.995128 0.098595 -0.000044 0.000000 -0.097544 0.984446 -0.146118 16.254000 -0.014363 0.145411 0.989267 -0.165600 0.000000 0.000000 0.000000 1.000000
0.994972 0.100153 -0.000705 -0.000000 -0.099153 0.983997 -0.148048 16.254000 -0.014134 0.147373 0.988980 -0.165600 0.000000 0.000000 0.000000 1.000000
0.994866 0.101195 -0.000706 0.000000 -0.100162 0.983671 -0.149527 16.254000 -0.014437 0.148830 0.988757 -0.165600 0.000000 0.000000 0.000000 1.000000
0.994769 0.102145 -0.001242 0.000000 -0.101157 0.983316 -0.151187 16.254000 -0.014222 0.150522 0.988504 -0.165600 0.000000 0.000000 0.000000 1.000000
0.994669 0.103095 -0.002380 -0.000000 -0.102241 0.982890 -0.153210 16.254000 -0.013455 0.152637 0.988191 -0.165600 0.000000 0.000000 0.000000 1.000000
0.994617 0.103562 -0.003330 -0.000000 -0.102817 0.982457 -0.155586 16.254000 -0.012841 0.155091 0.987817 -0.165600 0.000000 0.000000 0.000000 1.000000
0.994683 0.102901 -0.004227 0.000000 -0.102269 0.982067 -0.158382 16.254000 -0.012146 0.157972 0.987369 -0.165600 0.000000 0.000000 0.000000 1.000000
0.994774 0.101937 -0.005779 0.000000 -0.101527 0.981608 -0.161674 16.254000 -0.010807 0.161415 0.986827 -0.165600 0.000000 0.000000 0.000000 1.000000
0.994795 0.101616 -0.007598 -0.000000 -0.101474 0.981075 -0.164909 16.254000 -0.009303 0.164821 0.986280 -0.165600 0.000000 0.000000 0.000000 1.000000
0.994799 0.101420 -0.009397 0.000000 -0.101550 0.980454 -0.168516 16.254000 -0.007877 0.168594 0.985654 -0.165600 0.000000 0.000000 0.000000 1.000000
0.994860 0.100618 -0.011348 0.000000 -0.101062 0.979785 -0.172647 16.254000 -0.006253 0.172907 0.984918 -0.165600 0.000000 0.000000 0.000000 1.000000
0.995008 0.098970 -0.012840 0.000000 -0.099683 0.979373 -0.175758 16.254000 -0.004819 0.176161 0.984350 -0.165600 0.000000 0.000000 0.000000 1.000000
0.995177 0.097118 -0.013839 -0.000000 -0.098028 0.979144 -0.177951 16.254000 -0.003732 0.178450 0.983942 -0.165600 0.000000 0.000000 0.000000 1.000000
0.995276 0.095867 -0.015317 0.000000 -0.097057 0.978912 -0.179755 16.254000 -0.002238 0.180393 0.983592 -0.165600 0.000000 0.000000 0.000000 1.000000
0.995404 0.094252 -0.016942 -0.000000 -0.095761 0.978762 -0.181259 16.254000 -0.000502 0.182049 0.983289 -0.165600 0.000000 0.000000 0.000000 1.000000
0.995670 0.091351 -0.017198 0.000000 -0.092956 0.978758 -0.182734 16.254000 0.000140 0.183541 0.983012 -0.165600 0.000000 0.000000 0.000000 1.000000
0.996025 0.087585 -0.016219 0.000000 -0.089074 0.978953 -0.183623 16.254000 -0.000205 0.184338 0.982863 -0.165600 0.000000 0.000000 0.000000 1.000000
0.996385 0.083463 -0.015839 -0.000000 -0.084952 0.979373 -0.183336 16.254000 0.000211 0.184019 0.982923 -0.165600 0.000000 0.000000 0.000000 1.000000
0.996726 0.079285 -0.015818 0.000000 -0.080841 0.979918 -0.182280 16.254000 0.001048 0.182962 0.983120 -0.165600 0.000000 0.000000 0.000000 1.000000
0.997088 0.074732 -0.015161 0.000000 -0.076243 0.980465 -0.181314 16.254000 0.001315 0.181942 0.983308 -0.165600 0.000000 0.000000 0.000000 1.000000
0.997478 0.069572 -0.014038 0.000000 -0.070963 0.981094 -0.180053 16.254000 0.001246 0.180595 0.983557 -0.165600 0.000000 0.000000 0.000000 1.000000
0.997817 0.064709 -0.013171 0.000000 -0.066021 0.981854 -0.177778 16.254000 0.001428 0.178259 0.983983 -0.165600 0.000000 0.000000 0.000000 1.000000
0.998095 0.060434 -0.012378 0.000000 -0.061668 0.982629 -0.175034 16.254000 0.001585 0.175464 0.984485 -0.165600 0.000000 0.000000 0.000000 1.000000
0.998360 0.056155 -0.011129 -0.000000 -0.057233 0.983371 -0.172353 16.254000 0.001265 0.172707 0.984972 -0.165600 0.000000 0.000000 0.000000 1.000000
0.998594 0.052059 -0.010014 0.000000 -0.053003 0.984170 -0.169114 16.254000 0.001051 0.169407 0.985546 -0.165600 0.000000 0.000000 0.000000 1.000000
0.998755 0.049032 -0.009192 0.000000 -0.049876 0.985163 -0.164212 16.254000 0.001004 0.164466 0.986382 -0.165600 0.000000 0.000000 0.000000 1.000000
0.998872 0.046699 -0.008588 0.000000 -0.047470 0.986281 -0.158102 16.254000 0.001087 0.158332 0.987385 -0.165600 0.000000 0.000000 0.000000 1.000000
0.998984 0.044332 -0.008042 0.000000 -0.045040 0.987321 -0.152214 16.254000 0.001192 0.152422 0.988315 -0.165600 0.000000 0.000000 0.000000 1.000000
0.999072 0.042384 -0.007726 0.000000 -0.043060 0.988188 -0.147071 16.254000 0.001402 0.147267 0.989096 -0.165600 0.000000 0.000000 0.000000 1.000000
0.999136 0.040853 -0.007669 0.000000 -0.041529 0.988917 -0.142546 16.254000 0.001760 0.142741 0.989758 -0.165600 0.000000 0.000000 0.000000 1.000000
0.999207 0.039065 -0.007717 0.000000 -0.039757 0.989604 -0.138215 16.254000 0.002237 0.138412 0.990372 -0.165600 0.000000 0.000000 0.000000 1.000000
0.999273 0.037396 -0.007361 0.000000 -0.038045 0.990304 -0.133608 16.254000 0.002293 0.133791 0.991007 -0.165600 0.000000 0.000000 0.000000 1.000000
0.999308 0.036611 -0.006506 0.000000 -0.037144 0.990995 -0.128643 16.254000 0.001738 0.128796 0.991670 -0.165600 0.000000 0.000000 0.000000 1.000000
0.999331 0.036121 -0.005719 0.000000 -0.036551 0.991620 -0.123914 16.254000 0.001195 0.124040 0.992276 -0.165600 0.000000 0.000000 0.000000 1.000000
0.999367 0.035221 -0.005028 -0.000000 -0.035570 0.992120 -0.120136 16.254000 0.000757 0.120238 0.992745 -0.165600 0.000000 0.000000 0.000000 1.000000
0.999401 0.034352 -0.004178 -0.000000 -0.034605 0.992508 -0.117179 16.254000 0.000121 0.117254 0.993102 -0.165600 0.000000 0.000000 0.000000 1.000000
0.999408 0.034253 -0.003293 0.000000 -0.034405 0.992843 -0.114365 16.254000 -0.000648 0.114411 0.993433 -0.165600 0.000000 0.000000 0.000000 1.000000
0.999384 0.035013 -0.002531 0.000000 -0.035076 0.993063 -0.112228 16.254000 -0.001416 0.112248 0.993679 -0.165600 0.000000 0.000000 0.000000 1.000000
0.999357 0.035781 -0.002105 0.000000 -0.035793 0.993199 -0.110788 16.254000 -0.001873 0.110792 0.993842 -0.165600 0.000000 0.000000 0.000000 1.000000
0.999323 0.036747 -0.001722 0.000000 -0.036715 0.993317 -0.109419 16.254000 -0.002311 0.109409 0.993994 -0.165600 0.000000 0.000000 0.000000 1.000000
0.999234 0.039133 -0.000730 0.000000 -0.038982 0.993357 -0.108273 16.254000 -0.003512 0.108218 0.994121 -0.165600 0.000000 0.000000 0.000000 1.000000
0.999107 0.042262 0.000030 -0.000000 -0.042012 0.993271 -0.107927 16.254000 -0.004591 0.107830 0.994159 -0.165600 0.000000 0.000000 0.000000 1.000000
0.999005 0.044605 -0.000048 0.000000 -0.044348 0.993138 -0.108214 16.254000 -0.004779 0.108108 0.994128 -0.165600 0.000000 0.000000 0.000000 1.000000
0.998880 0.047311 -0.000002 0.000000 -0.047028 0.992894 -0.109316 16.254000 -0.005170 0.109194 0.994007 -0.165600 0.000000 0.000000 0.000000 1.000000
0.998663 0.051690 0.000975 -0.000000 -0.051261 0.992463 -0.111309 16.254000 -0.006721 0.111110 0.993785 -0.165600 0.000000 0.000000 0.000000 1.000000
0.998387 0.056714 0.002552 0.000000 -0.056051 0.991861 -0.114327 16.254000 -0.009016 0.114000 0.993440 -0.165600 0.000000 0.000000 0.000000 1.000000
0.998110 0.061343 0.003786 0.000000 -0.060469 0.991170 -0.118006 16.254000 -0.010992 0.117554 0.993006 -0.165600 0.000000 0.000000 0.000000 1.000000
0.997809 0.066008 0.004481 0.000000 -0.064972 0.990423 -0.121823 16.254000 -0.012480 0.121265 0.992542 -0.165600 0.000000 0.000000 0.000000 1.000000
0.997449 0.071244 0.004526 0.000000 -0.070113 0.989600 -0.125605 16.254000 -0.013428 0.124967 0.992070 -0.165600 0.000000 0.000000 0.000000 1.000000
0.997046 0.076718 0.003611 -0.000000 -0.075609 0.988717 -0.129316 16.254000 -0.013491 0.128661 0.991597 -0.165600 0.000000 0.000000 0.000000 1.000000
0.996654 0.081686 0.002861 0.000000 -0.080584 0.987856 -0.132842 16.254000 -0.013678 0.132167 0.991133 -0.165600 0.000000 0.000000 0.000000 1.000000
0.996245 0.086548 0.002499 0.000000 -0.085405 0.987015 -0.136039 16.254000 -0.014240 0.135314 0.990700 -0.165600 0.000000 0.000000 0.000000 1.000000
0.995862 0.090859 0.001957 -0.000000 -0.089712 0.986273 -0.138630 16.254000 -0.014526 0.137880 0.990342 -0.165600 0.000000 0.000000 0.000000 1.000000
0.995635 0.093321 0.001496 0.000000 -0.092187 0.985788 -0.140443 16.254000 -0.014581 0.139692 0.990088 -0.165600 0.000000 0.000000 0.000000 1.000000
0.995455 0.095224 0.001174 -0.000000 -0.094086 0.985320 -0.142453 16.254000 -0.014721 0.141695 0.989801 -0.165600 0.000000 0.000000 0.000000 1.000000
0.995240 0.097449 0.000484 0.000000 -0.096325 0.984483 -0.146680 16.254000 -0.014770 0.145935 0.989184 -0.165600 0.000000 0.000000 0.000000 1.000000</float_array><technique_common><accessor source="#arissa_Spine1-Matrix-animation-output-transform-array" count="57" stride="16"><param type="float4x4"/></accessor></technique_common></source><source id="arissa_Spine1-Interpolations"><Name_array id="arissa_Spine1-Interpolations-array" count="57">
 LINEAR LINEAR LINEAR LINEAR LINEAR LINEAR LINEAR LINEAR LINEAR LINEAR LINEAR
LINEAR LINEAR LINEAR LINEAR LINEAR LINEAR LINEAR LINEAR LINEAR LINEAR LINEAR LINEAR
LINEAR LINEAR LINEAR LINEAR LINEAR LINEAR LINEAR LINEAR LINEAR LINEAR LINEAR LINEAR
LINEAR LINEAR LINEAR LINEAR LINEAR LINEAR LINEAR LINEAR LINEAR LINEAR LINEAR LINEAR
LINEAR LINEAR LINEAR LINEAR LINEAR LINEAR LINEAR LINEAR LINEAR LINEAR</Name_array><technique_common><accessor source="#arissa_Spine1-Interpolations-array" count="57"><param type="name"/></accessor></technique_common></source><sampler id="arissa_Spine1-Matrix-animation-transform"><input semantic="INPUT" source="#arissa_Spine1-Matrix-animation-input"/><input semantic="OUTPUT" source="#arissa_Spine1-Matrix-animation-output-transform"/><input semantic="INTERPOLATION" source="#arissa_Spine1-Interpolations"/></sampler><channel source="#arissa_Spine1-Matrix-animation-transform" target="arissa_Spine1/matrix"/></animation>
    <animation id="arissa_Spine2-anim" name="arissa_Spine2"><source id="arissa_Spine2-Matrix-animation-input"><float_array id="arissa_Spine2-Matrix-animation-input-array" count="57">

0.000000 0.033333 0.066667 0.100000 0.133333 0.166667 0.200000 0.233333 0.266667 0.300000 0.333333 0.366667 0.400000 0.433333 0.466667 0.500000
0.533333 0.566667 0.600000 0.633333 0.666667 0.700000 0.733333 0.766667 0.800000 0.833333 0.866667 0.900000 0.933333 0.966667 1.000000 1.033333
1.066667 1.100000 1.133333 1.166667 1.200000 1.233333 1.266667 1.300000 1.333333 1.366667 1.400000 1.433333 1.466667 1.500000 1.533333 1.566667
1.600000 1.633333 1.666667 1.700000 1.733333 1.766667 1.800000 1.833333 1.866667</float_array><technique_common><accessor source="#arissa_Spine2-Matrix-animation-input-array" count="57"><param name="TIME" type="float"/></accessor></technique_common></source><source id="arissa_Spine2-Matrix-animation-output-transform"><float_array id="arissa_Spine2-Matrix-animation-output-transform-array" count="912">

0.995241 0.097442 0.000486 0.000000 -0.096311 0.984426 -0.147068 13.639600 -0.014809 0.146321 0.989126 -1.292300 0.000000 0.000000 0.000000 1.000000
0.995128 0.098588 -0.000025 -0.000000 -0.097528 0.984390 -0.146508 13.639600 -0.014419 0.145797 0.989210 -1.292300 0.000000 0.000000 0.000000 1.000000
0.994972 0.100147 -0.000638 -0.000000 -0.099132 0.983940 -0.148442 13.639600 -0.014239 0.147759 0.988921 -1.292300 0.000000 0.000000 0.000000 1.000000
0.994867 0.101194 -0.000560 0.000000 -0.100133 0.983613 -0.149930 13.639600 -0.014621 0.149216 0.988696 -1.292300 0.000000 0.000000 0.000000 1.000000
0.994769 0.102148 -0.000992 0.000000 -0.101117 0.983256 -0.151601 13.639600 -0.014510 0.150908 0.988441 -1.292300 0.000000 0.000000 0.000000 1.000000
0.994668 0.103105 -0.002003 -0.000000 -0.102187 0.982829 -0.153637 13.639600 -0.013872 0.153023 0.988125 -1.292300 0.000000 0.000000 0.000000 1.000000
0.994617 0.103580 -0.002805 0.000000 -0.102747 0.982394 -0.156029 13.639600 -0.013406 0.155477 0.987749 -1.292300 0.000000 0.000000 0.000000 1.000000
0.994683 0.102927 -0.003537 -0.000000 -0.102180 0.982002 -0.158842 13.639600 -0.012876 0.158359 0.987298 -1.292300 0.000000 0.000000 0.000000 1.000000
0.994775 0.101973 -0.004909 0.000000 -0.101417 0.981540 -0.162152 13.639600 -0.011716 0.161803 0.986754 -1.292300 0.000000 0.000000 0.000000 1.000000
0.994797 0.101664 -0.006536 0.000000 -0.101341 0.981005 -0.165407 13.639600 -0.010404 0.165208 0.986204 -1.292300 0.000000 0.000000 0.000000 1.000000
0.994804 0.101481 -0.008133 0.000000 -0.101391 0.980381 -0.169035 13.639600 -0.009181 0.168981 0.985577 -1.292300 0.000000 0.000000 0.000000 1.000000
0.994869 0.100692 -0.009877 0.000000 -0.100877 0.979709 -0.173187 13.639600 -0.007762 0.173295 0.984839 -1.292300 0.000000 0.000000 0.000000 1.000000
0.995019 0.099059 -0.011159 -0.000000 -0.099471 0.979295 -0.176317 13.639600 -0.006538 0.176549 0.984270 -1.292300 0.000000 0.000000 0.000000 1.000000
0.995191 0.097223 -0.011946 0.000000 -0.097791 0.979063 -0.178528 13.639600 -0.005661 0.178837 0.983862 -1.292300 0.000000 0.000000 0.000000 1.000000
0.995295 0.095989 -0.013216 0.000000 -0.096796 0.978828 -0.180350 13.639600 -0.004376 0.180781 0.983514 -1.292300 0.000000 0.000000 0.000000 1.000000
0.995428 0.094392 -0.014637 0.000000 -0.095477 0.978676 -0.181871 13.639600 -0.002843 0.182437 0.983213 -1.292300 0.000000 0.000000 0.000000 1.000000
0.995696 0.091510 -0.014698 0.000000 -0.092652 0.978670 -0.183358 13.639600 -0.002395 0.183930 0.982936 -1.292300 0.000000 0.000000 0.000000 1.000000
0.996049 0.087764 -0.013534 0.000000 -0.088753 0.978863 -0.184254 13.639600 -0.002923 0.184728 0.982785 -1.292300 0.000000 0.000000 0.000000 1.000000
0.996410 0.083661 -0.012988 0.000000 -0.084621 0.979283 -0.183970 13.639600 -0.002672 0.184408 0.982846 -1.292300 0.000000 0.000000 0.000000 1.000000
0.996752 0.079495 -0.012854 0.000000 -0.080504 0.979827 -0.182913 13.639600 -0.001946 0.183354 0.983045 -1.292300 0.000000 0.000000 0.000000 1.000000
0.997114 0.074943 -0.012139 0.000000 -0.075900 0.980375 -0.181943 13.639600 -0.001734 0.182339 0.983234 -1.292300 0.000000 0.000000 0.000000 1.000000
0.997502 0.069777 -0.011010 0.000000 -0.070617 0.981005 -0.180673 13.639600 -0.001806 0.180999 0.983482 -1.292300 0.000000 0.000000 0.000000 1.000000
0.997840 0.064902 -0.010179 0.000000 -0.065677 0.981766 -0.178389 13.639600 -0.001584 0.178672 0.983907 -1.292300 0.000000 0.000000 0.000000 1.000000
0.998117 0.060606 -0.009468 0.000000 -0.061327 0.982543 -0.175637 13.639600 -0.001342 0.175887 0.984409 -1.292300 0.000000 0.000000 0.000000 1.000000
0.998379 0.056302 -0.008335 0.000000 -0.056895 0.983286 -0.172948 13.639600 -0.001542 0.173142 0.984896 -1.292300 0.000000 0.000000 0.000000 1.000000
0.998611 0.052176 -0.007370 0.000000 -0.052669 0.984087 -0.169702 13.639600 -0.001602 0.169854 0.985468 -1.292300 0.000000 0.000000 0.000000 1.000000
0.998771 0.049113 -0.006728 0.000000 -0.049550 0.985082 -0.164797 13.639600 -0.001466 0.164928 0.986304 -1.292300 0.000000 0.000000 0.000000 1.000000
0.998887 0.046741 -0.006328 0.000000 -0.047152 0.986202 -0.158687 13.639600 -0.001176 0.158808 0.987309 -1.292300 0.000000 0.000000 0.000000 1.000000
0.998999 0.044331 -0.006006 0.000000 -0.044728 0.987245 -0.152798 13.639600 -0.000844 0.152914 0.988239 -1.292300 0.000000 0.000000 0.000000 1.000000
0.999086 0.042339 -0.005928 0.000000 -0.042750 0.988114 -0.147656 13.639600 -0.000394 0.147774 0.989021 -1.292300 0.000000 0.000000 0.000000 1.000000
0.999150 0.040762 -0.006123 0.000000 -0.041218 0.988845 -0.143134 13.639600 0.000220 0.143265 0.989684 -1.292300 0.000000 0.000000 0.000000 1.000000
0.999221 0.038927 -0.006429 0.000000 -0.039442 0.989534 -0.138806 13.639600 0.000959 0.138952 0.990299 -1.292300 0.000000 0.000000 0.000000 1.000000
0.999287 0.037211 -0.006332 -0.000000 -0.037724 0.990236 -0.134202 13.639600 0.001277 0.134346 0.990934 -1.292300 0.000000 0.000000 0.000000 1.000000
0.999322 0.036379 -0.005735 0.000000 -0.036815 0.990929 -0.129243 13.639600 0.000982 0.129366 0.991596 -1.292300 0.000000 0.000000 0.000000 1.000000
0.999344 0.035844 -0.005201 0.000000 -0.036213 0.991556 -0.124519 13.639600 0.000694 0.124626 0.992204 -1.292300 0.000000 0.000000 0.000000 1.000000
0.999379 0.034902 -0.004752 0.000000 -0.035220 0.992059 -0.120745 13.639600 0.000500 0.120838 0.992672 -1.292300 0.000000 0.000000 0.000000 1.000000
0.999414 0.033993 -0.004127 -0.000000 -0.034242 0.992448 -0.117794 13.639600 0.000091 0.117866 0.993030 -1.292300 0.000000 0.000000 0.000000 1.000000
0.999421 0.033858 -0.003449 0.000000 -0.034030 0.992784 -0.114984 13.639600 -0.000469 0.115035 0.993361 -1.292300 0.000000 0.000000 0.000000 1.000000
0.999398 0.034585 -0.002872 0.000000 -0.034688 0.993006 -0.112851 13.639600 -0.001051 0.112883 0.993608 -1.292300 0.000000 0.000000 0.000000 1.000000
0.999372 0.035326 -0.002602 0.000000 -0.035396 0.993144 -0.111413 13.639600 -0.001352 0.111436 0.993771 -1.292300 0.000000 0.000000 0.000000 1.000000
0.999339 0.036271 -0.002342 -0.000000 -0.036308 0.993263 -0.110047 13.639600 -0.001665 0.110059 0.993924 -1.292300 0.000000 0.000000 0.000000 1.000000
