<?xml version="1.0" encoding="utf-8"?>
<COLLADA xmlns="http://www.collada.org/2005/11/COLLADASchema" version="1.4.1">
  <asset><contributor><author>Mixamo</author><authoring_tool>COLLADA Mixamo exporter</authoring_tool><comments></comments></contributor><created>2018-12-12T01:40:05Z</created><modified>2018-12-12T01:40:05Z</modified><revision></revision><title></title><unit meter="0.010000"/><up_axis>Y_UP</up_axis></asset>
  <library_animations>
    <animation id="arissa_Hips-anim" name="arissa_Hips"><source id="arissa_Hips-Matrix-animation-input"><float_array id="arissa_Hips-Matrix-animation-input-array" count="30">

0.000000 0.033333 0.066667 0.100000 0.133333 0.166667 0.200000 0.233333 0.266667 0.300000 0.333333 0.366667 0.400000 0.433333 0.466667 0.500000
0.533333 0.566667 0.600000 0.633333 0.666667 0.700000 0.733333 0.766667 0.800000 0.833333 0.866667 0.900000 0.933333 0.966667</float_array><technique_common><accessor source="#arissa_Hips-Matrix-animation-input-array" count="30"><param name="TIME" type="float"/></accessor></technique_common></source><source id="arissa_Hips-Matrix-animation-output-transform"><float_array id="arissa_Hips-Matrix-animation-output-transform-array" count="480">

0.540289 0.148335 -0.828302 0.081481 0.042612 0.978254 0.202984 92.494568 0.840400 -0.144966 0.522219 0.089340 0.000000 0.000000 0.000000 1.000000
0.541552 0.138191 -0.829231 -4.641437 0.046039 0.980041 0.193390 92.944160 0.839406 -0.142908 0.524381 0.072050 0.000000 0.000000 0.000000 1.000000
0.542370 0.127727 -0.830374 -9.310106 0.048307 0.982000 0.182602 93.522850 0.838750 -0.139150 0.526437 0.047309 0.000000 0.000000 0.000000 1.000000
0.539467 0.115317 -0.834073 -13.946150 0.049295 0.984553 0.168006 93.728836 0.840562 -0.131749 0.525449 0.008780 0.000000 0.000000 0.000000 1.000000
0.526153 0.102002 -0.844250 -18.557093 0.047332 0.987729 0.148835 93.589638 0.849072 -0.118270 0.514869 0.100181 0.000000 0.000000 0.000000 1.000000
0.495082 0.090133 -0.864159 -23.173508 0.041355 0.991033 0.127059 92.654922 0.867862 -0.098642 0.486915 0.532806 0.000000 0.000000 0.000000 1.000000
0.446735 0.082848 -0.890822 -27.852533 0.031320 0.993645 0.108117 91.116005 0.894118 -0.076200 0.441301 1.218815 0.000000 0.000000 0.000000 1.000000
0.395116 0.089844 -0.914227 -32.598976 0.026234 0.993696 0.108991 90.132462 0.918256 -0.067049 0.390269 1.951894 0.000000 0.000000 0.000000 1.000000
0.362784 0.104061 -0.926045 -37.470726 0.041788 0.990929 0.127723 89.513664 0.930936 -0.085034 0.355145 2.750590 0.000000 0.000000 0.000000 1.000000
0.369300 0.114370 -0.922246 -42.564648 0.069125 0.986268 0.149989 89.042984 0.926736 -0.119141 0.356323 3.673608 0.000000 0.000000 0.000000 1.000000
0.401652 0.131650 -0.906280 -48.139347 0.086809 0.979684 0.180785 89.072693 0.911669 -0.151286 0.382063 4.449781 0.000000 0.000000 0.000000 1.000000
0.429369 0.141847 -0.891920 -53.065807 0.097848 0.974469 0.202079 89.183670 0.897813 -0.174039 0.404527 4.952445 0.000000 0.000000 0.000000 1.000000
0.443547 0.140163 -0.885223 -57.776352 0.110040 0.971706 0.208993 89.474380 0.889470 -0.190109 0.415574 5.457483 0.000000 0.000000 0.000000 1.000000
0.445844 0.146312 -0.883072 -62.433559 0.114891 0.969036 0.218561 89.406914 0.887707 -0.198901 0.415229 5.822740 0.000000 0.000000 0.000000 1.000000
0.446757 0.157018 -0.880769 -67.263908 0.106711 0.968098 0.226714 89.801414 0.888269 -0.195274 0.415749 6.116942 0.000000 0.000000 0.000000 1.000000
0.461872 0.167799 -0.870929 -71.951691 0.090222 0.967959 0.234340 90.410881 0.882346 -0.186812 0.431935 6.180634 0.000000 0.000000 0.000000 1.000000
0.489846 0.167413 -0.855584 -76.640945 0.076249 0.969401 0.233339 91.050323 0.868468 -0.179538 0.462092 6.148224 0.000000 0.000000 0.000000 1.000000
0.510445 0.147713 -0.847128 -81.516388 0.072540 0.974228 0.213585 91.690720 0.856845 -0.170474 0.486575 6.056005 0.000000 0.000000 0.000000 1.000000
0.516569 0.120461 -0.847730 -86.333969 0.078557 0.979211 0.187013 92.458397 0.852634 -0.163200 0.496368 5.883583 0.000000 0.000000 0.000000 1.000000
0.525997 0.100047 -0.844581 -91.744934 0.084825 0.981934 0.169145 93.056931 0.846246 -0.160612 0.508008 5.604046 0.000000 0.000000 0.000000 1.000000
0.544266 0.095835 -0.833420 -97.461777 0.081143 0.982782 0.166001 93.083885 0.834979 -0.157975 0.527119 5.001235 0.000000 0.000000 0.000000 1.000000
0.552384 0.103054 -0.827195 -102.759720 0.072104 0.982703 0.170577 93.203331 0.830466 -0.153868 0.535399 4.056745 0.000000 0.000000 0.000000 1.000000
0.546845 0.107942 -0.830247 -107.956947 0.068497 0.982562 0.172861 92.789886 0.834427 -0.151397 0.529915 3.094484 0.000000 0.000000 0.000000 1.000000
0.545830 0.130673 -0.827644 -113.010460 0.052919 0.980416 0.189693 91.859680 0.836224 -0.147338 0.528225 2.350543 0.000000 0.000000 0.000000 1.000000
0.549973 0.171465 -0.817392 -117.912300 0.020629 0.975611 0.218535 90.718941 0.834927 -0.137050 0.533023 1.948979 0.000000 0.000000 0.000000 1.000000
0.549585 0.189631 -0.813631 -122.833649 0.007069 0.972808 0.231505 90.525612 0.835408 -0.132984 0.533301 1.393071 0.000000 0.000000 0.000000 1.000000
0.543076 0.187396 -0.818506 -127.813049 0.013725 0.972667 0.231798 90.821159 0.839572 -0.137117 0.525660 0.976967 0.000000 0.000000 0.000000 1.000000
0.538565 0.172849 -0.824664 -132.856873 0.027975 0.974525 0.222529 91.459785 0.842119 -0.142916 0.520009 0.647676 0.000000 0.000000 0.000000 1.000000
0.538963 0.158896 -0.827207 -137.943192 0.037592 0.976531 0.212072 92.179306 0.841490 -0.145395 0.520341 0.267417 0.000000 0.000000 0.000000 1.000000
0.540289 0.148335 -0.828302 -143.064880 0.042612 0.978254 0.202984 92.494598 0.840400 -0.144966 0.522219 0.089348 0.000000 0.000000 0.000000 1.000000</float_array><technique_common><accessor source="#arissa_Hips-Matrix-animation-output-transform-array" count="30" stride="16"><param type="float4x4"/></accessor></technique_common></source><source id="arissa_Hips-Interpolations"><Name_array id="arissa_Hips-Interpolations-array" count="30">
 LINEAR LINEAR LINEAR LINEAR LINEAR LINEAR LINEAR LINEAR LINEAR LINEAR LINEAR
LINEAR LINEAR LINEAR LINEAR LINEAR LINEAR LINEAR LINEAR LINEAR LINEAR LINEAR LINEAR
LINEAR LINEAR LINEAR LINEAR LINEAR LINEAR LINEAR</Name_array><technique_common><accessor source="#arissa_Hips-Interpolations-array" count="30"><param type="name"/></accessor></technique_common></source><sampler id="arissa_Hips-Matrix-animation-transform"><input semantic="INPUT" source="#arissa_Hips-Matrix-animation-input"/><input semantic="OUTPUT" source="#arissa_Hips-Matrix-animation-output-transform"/><input semantic="INTERPOLATION" source="#arissa_Hips-Interpolations"/></sampler><channel source="#arissa_Hips-Matrix-animation-transform" target="arissa_Hips/matrix"/></animation>
    <animation id="arissa_Spine-anim" name="arissa_Spine"><source id="arissa_Spine-Matrix-animation-input"><float_array id="arissa_Spine-Matrix-animation-input-array" count="30">

0.000000 0.033333 0.066667 0.100000 0.133333 0.166667 0.200000 0.233333 0.266667 0.300000 0.333333 0.366667 0.400000 0.433333 0.466667 0.500000
0.533333 0.566667 0.600000 0.633333 0.666667 0.700000 0.733333 0.766667 0.800000 0.833333 0.866667 0.900000 0.933333 0.966667</float_array><technique_common><accessor source="#arissa_Spine-Matrix-animation-input-array" count="30"><param name="TIME" type="float"/></accessor></technique_common></source><source id="arissa_Spine-Matrix-animation-output-transform"><float_array id="arissa_Spine-Matrix-animation-output-transform-array" count="480">

0.984011 -0.001780 0.178096 0.000000 0.067348 0.929423 -0.362818 9.226300 -0.164881 0.369011 0.914683 1.577100 0.000000 0.000000 0.000000 1.000000
0.983536 0.003774 0.180671 0.000000 0.063221 0.929416 -0.363578 9.226300 -0.169291 0.369014 0.913876 1.577100 0.000000 0.000000 0.000000 1.000000
0.982408 0.009039 0.186529 0.000000 0.060556 0.929438 -0.363975 9.226300 -0.176657 0.368867 0.912540 1.577100 0.000000 0.000000 0.000000 1.000000
0.980417 0.015734 0.196305 0.000000 0.057255 0.930972 -0.360573 9.226300 -0.188427 0.364752 0.911840 1.577100 0.000000 0.000000 0.000000 1.000000
0.976588 0.020478 0.214139 0.000000 0.056300 0.936430 -0.346309 9.226300 -0.207618 0.350257 0.913353 1.577100 0.000000 0.000000 0.000000 1.000000
0.968685 0.021171 0.247388 -0.000000 0.059449 0.947601 -0.313877 9.226300 -0.241071 0.318755 0.916668 1.577100 0.000000 0.000000 0.000000 1.000000
0.957044 0.017564 0.289409 0.000000 0.065815 0.958947 -0.275841 9.226300 -0.282373 0.283039 0.916599 1.577100 0.000000 0.000000 0.000000 1.000000
0.947790 0.021771 0.318152 -0.000000 0.069587 0.959505 -0.272963 9.226300 -0.311211 0.280851 0.907893 1.577100 0.000000 0.000000 0.000000 1.000000
0.944332 0.052973 0.324703 -0.000000 0.048480 0.953772 -0.296595 9.226300 -0.325404 0.295826 0.898109 1.577100 0.000000 0.000000 0.000000 1.000000
0.945540 0.094302 0.311547 -0.000000 0.008877 0.949288 -0.314282 9.226300 -0.325385 0.299932 0.896753 1.577100 0.000000 0.000000 0.000000 1.000000
0.951800 0.115122 0.284295 0.000000 -0.013020 0.941219 -0.337546 9.226300 -0.306443 0.317575 0.897351 1.577100 0.000000 0.000000 0.000000 1.000000
0.958358 0.120662 0.258826 0.000000 -0.021694 0.934491 -0.355326 9.226300 -0.284745 0.334914 0.898194 1.577100 0.000000 0.000000 0.000000 1.000000
0.961299 0.128737 0.243581 0.000000 -0.032414 0.930822 -0.364034 9.226300 -0.273595 0.342050 0.898970 1.577100 0.000000 0.000000 0.000000 1.000000
0.962183 0.131584 0.238513 0.000000 -0.033086 0.925562 -0.377148 9.226300 -0.270385 0.354994 0.894914 1.577100 0.000000 0.000000 0.000000 1.000000
0.964969 0.117720 0.234470 0.000000 -0.018982 0.922669 -0.385125 9.226300 -0.261675 0.367183 0.892582 1.577100 0.000000 0.000000 0.000000 1.000000
0.970704 0.092818 0.221627 0.000000 0.001862 0.919442 -0.393222 9.226300 -0.240272 0.382115 0.892333 1.577100 0.000000 0.000000 0.000000 1.000000
0.976973 0.068796 0.201966 -0.000000 0.016546 0.919310 -0.393185 9.226300 -0.212719 0.387473 0.897003 1.577100 0.000000 0.000000 0.000000 1.000000
0.980688 0.058155 0.186734 -0.000000 0.016015 0.927685 -0.373019 9.226300 -0.194923 0.368806 0.908838 1.577100 0.000000 0.000000 0.000000 1.000000
0.982659 0.058352 0.176002 0.000000 0.006919 0.936992 -0.349282 9.226300 -0.185294 0.344443 0.920340 1.577100 0.000000 0.000000 0.000000 1.000000
0.985204 0.061317 0.160044 0.000000 -0.005634 0.944893 -0.327331 9.226300 -0.171295 0.321586 0.931257 1.577100 0.000000 0.000000 0.000000 1.000000
0.987614 0.063025 0.143689 0.000000 -0.015493 0.950476 -0.310412 9.226300 -0.156136 0.304341 0.939680 1.577100 0.000000 0.000000 0.000000 1.000000
0.988188 0.062519 0.139913 0.000000 -0.017161 0.952400 -0.304368 9.226300 -0.152281 0.298372 0.942223 1.577100 0.000000 0.000000 0.000000 1.000000
0.986959 0.065241 0.147158 0.000000 -0.019005 0.955018 -0.295937 9.226300 -0.159846 0.289281 0.943804 1.577100 0.000000 0.000000 0.000000 1.000000
0.986617 0.039081 0.158303 0.000000 0.011843 0.951113 -0.308617 9.226300 -0.162625 0.306361 0.937921 1.577100 0.000000 0.000000 0.000000 1.000000
0.985256 -0.016289 0.170307 -0.000000 0.073984 0.938132 -0.338282 9.226300 -0.154260 0.345894 0.925506 1.577100 0.000000 0.000000 0.000000 1.000000
0.984027 -0.040748 0.173294 0.000000 0.100519 0.930599 -0.351969 9.226300 -0.146925 0.363766 0.919830 1.577100 0.000000 0.000000 0.000000 1.000000
0.984500 -0.035167 0.171822 0.000000 0.096007 0.927928 -0.360183 9.226300 -0.146772 0.371096 0.916922 1.577100 0.000000 0.000000 0.000000 1.000000
0.984553 -0.019687 0.173974 -0.000000 0.082506 0.928583 -0.361839 9.226300 -0.154426 0.370604 0.915863 1.577100 0.000000 0.000000 0.000000 1.000000
0.984254 -0.008613 0.176552 -0.000000 0.073032 0.929389 -0.361806 9.226300 -0.160969 0.369002 0.915383 1.577100 0.000000 0.000000 0.000000 1.000000
0.984012 -0.001780 0.178096 -0.000000 0.067348 0.929423 -0.362818 9.226300 -0.164881 0.369011 0.914683 1.577100 0.000000 0.000000 0.000000 1.000000</float_array><technique_common><accessor source="#arissa_Spine-Matrix-animation-output-transform-array" count="30" stride="16"><param type="float4x4"/></accessor></technique_common></source><source id="arissa_Spine-Interpolations"><Name_array id="arissa_Spine-Interpolations-array" count="30">
 LINEAR LINEAR LINEAR LINEAR LINEAR LINEAR LINEAR LINEAR LINEAR LINEAR LINEAR
LINEAR LINEAR LINEAR LINEAR LINEAR LINEAR LINEAR LINEAR LINEAR LINEAR LINEAR LINEAR
LINEAR LINEAR LINEAR LINEAR LINEAR LINEAR LINEAR</Name_array><technique_common><accessor source="#arissa_Spine-Interpolations-array" count="30"><param type="name"/></accessor></technique_common></source><sampler id="arissa_Spine-Matrix-animation-transform"><input semantic="INPUT" source="#arissa_Spine-Matrix-animation-input"/><input semantic="OUTPUT" source="#arissa_Spine-Matrix-animation-output-transform"/><input semantic="INTERPOLATION" source="#arissa_Spine-Interpolations"/></sampler><channel source="#arissa_Spine-Matrix-animation-transform" target="arissa_Spine/matrix"/></animation>
    <animation id="arissa_Spine1-anim" name="arissa_Spine1"><source id="arissa_Spine1-Matrix-animation-input"><float_array id="arissa_Spine1-Matrix-animation-input-array" count="30">

0.000000 0.033333 0.066667 0.100000 0.133333 0.166667 0.200000 0.233333 0.266667 0.300000 0.333333 0.366667 0.400000 0.433333 0.466667 0.500000
0.533333 0.566667 0.600000 0.633333 0.666667 0.700000 0.733333 0.766667 0.800000 0.833333 0.866667 0.900000 0.933333 0.966667</float_array><technique_common><accessor source="#arissa_Spine1-Matrix-animation-input-array" count="30"><param name="TIME" type="float"/></accessor></technique_common></source><source id="arissa_Spine1-Matrix-animation-output-transform"><float_array id="arissa_Spine1-Matrix-animation-output-transform-array" count="480">

0.991518 0.129904 0.004077 0.000000 -0.129739 0.991145 -0.028274 16.254000 -0.007713 0.027505 0.999592 -0.165600 0.000000 0.000000 0.000000 1.000000
0.991580 0.129416 0.004432 -0.000000 -0.129242 0.991210 -0.028274 16.254000 -0.008052 0.027463 0.999590 -0.165600 0.000000 0.000000 0.000000 1.000000
0.991550 0.129618 0.005256 0.000000 -0.129420 0.991184 -0.028380 16.254000 -0.008888 0.027460 0.999583 -0.165600 0.000000 0.000000 0.000000 1.000000
0.991474 0.130133 0.006713 0.000000 -0.129882 0.991090 -0.029529 16.254000 -0.010496 0.028406 0.999541 -0.165600 0.000000 0.000000 0.000000 1.000000
0.991282 0.131429 0.009278 -0.000000 -0.131076 0.990863 -0.031765 16.254000 -0.013368 0.030271 0.999452 -0.165600 0.000000 0.000000 0.000000 1.000000
0.990753 0.134970 0.013842 0.000000 -0.134380 0.990233 -0.037156 16.254000 -0.018722 0.034953 0.999214 -0.165600 0.000000 0.000000 0.000000 1.000000
0.989886 0.140504 0.019584 -0.000000 -0.139542 0.989239 -0.043986 16.254000 -0.025553 0.040808 0.998840 -0.165600 0.000000 0.000000 0.000000 1.000000
0.989112 0.145203 0.023960 0.000000 -0.144054 0.988582 -0.044194 16.254000 -0.030103 0.040261 0.998736 -0.165600 0.000000 0.000000 0.000000 1.000000
0.989316 0.143474 0.025867 0.000000 -0.142413 0.989037 -0.039053 16.254000 -0.031186 0.034952 0.998902 -0.165600 0.000000 0.000000 0.000000 1.000000
0.990241 0.137130 0.024855 0.000000 -0.136222 0.990055 -0.035151 16.254000 -0.029428 0.031422 0.999073 -0.165600 0.000000 0.000000 0.000000 1.000000
0.990682 0.134537 0.021172 0.000000 -0.133730 0.990371 -0.035802 16.254000 -0.025785 0.032637 0.999135 -0.165600 0.000000 0.000000 0.000000 1.000000
0.990500 0.136398 0.017487 -0.000000 -0.135679 0.990052 -0.037266 16.254000 -0.022396 0.034540 0.999152 -0.165600 0.000000 0.000000 0.000000 1.000000
0.990164 0.139035 0.015659 -0.000000 -0.138421 0.989748 -0.035190 16.254000 -0.020391 0.032676 0.999258 -0.165600 0.000000 0.000000 0.000000 1.000000
0.989941 0.140653 0.015303 0.000000 -0.140073 0.989556 -0.034029 16.254000 -0.019929 0.031544 0.999304 -0.165600 0.000000 0.000000 0.000000 1.000000
0.989962 0.140567 0.014723 0.000000 -0.140008 0.989571 -0.033858 16.254000 -0.019328 0.031457 0.999318 -0.165600 0.000000 0.000000 0.000000 1.000000
0.990100 0.139792 0.012668 -0.000000 -0.139353 0.989768 -0.030673 16.254000 -0.016826 0.028604 0.999449 -0.165600 0.000000 0.000000 0.000000 1.000000
0.990499 0.137200 0.009369 0.000000 -0.136903 0.990210 -0.027230 16.254000 -0.013013 0.025689 0.999585 -0.165600 0.000000 0.000000 0.000000 1.000000
0.991262 0.131741 0.006612 -0.000000 -0.131523 0.990956 -0.026616 16.254000 -0.010058 0.025513 0.999624 -0.165600 0.000000 0.000000 0.000000 1.000000
0.991457 0.130342 0.004893 0.000000 -0.130169 0.991138 -0.026468 16.254000 -0.008300 0.025605 0.999638 -0.165600 0.000000 0.000000 0.000000 1.000000
0.991313 0.131502 0.002571 0.000000 -0.131382 0.990945 -0.027677 16.254000 -0.006187 0.027099 0.999614 -0.165600 0.000000 0.000000 0.000000 1.000000
0.991568 0.129586 0.000025 0.000000 -0.129533 0.991165 -0.028508 16.254000 -0.003719 0.028264 0.999594 -0.165600 0.000000 0.000000 0.000000 1.000000
0.991643 0.129014 -0.000578 -0.000000 -0.128986 0.991310 -0.025841 16.254000 -0.002761 0.025700 0.999666 -0.165600 0.000000 0.000000 0.000000 1.000000
0.991240 0.132073 0.000775 0.000000 -0.132016 0.990952 -0.024206 16.254000 -0.003965 0.023892 0.999707 -0.165600 0.000000 0.000000 0.000000 1.000000
0.990141 0.140046 0.002878 0.000000 -0.139945 0.989898 -0.022763 16.254000 -0.006037 0.022136 0.999737 -0.165600 0.000000 0.000000 0.000000 1.000000
0.989513 0.144380 0.004393 -0.000000 -0.144256 0.989310 -0.021366 16.254000 -0.007431 0.020508 0.999762 -0.165600 0.000000 0.000000 0.000000 1.000000
0.990786 0.135383 0.003720 0.000000 -0.135272 0.990570 -0.021761 16.254000 -0.006631 0.021057 0.999756 -0.165600 0.000000 0.000000 0.000000 1.000000
0.991636 0.129034 0.002974 0.000000 -0.128926 0.991363 -0.024039 16.254000 -0.006050 0.023454 0.999707 -0.165600 0.000000 0.000000 0.000000 1.000000
0.991465 0.130326 0.003481 -0.000000 -0.130188 0.991131 -0.026655 16.254000 -0.006924 0.025975 0.999639 -0.165600 0.000000 0.000000 0.000000 1.000000
0.991422 0.130643 0.003929 0.000000 -0.130485 0.991062 -0.027747 16.254000 -0.007519 0.026996 0.999607 -0.165600 0.000000 0.000000 0.000000 1.000000
0.991518 0.129904 0.004039 0.000000 -0.129741 0.991147 -0.028190 16.254000 -0.007665 0.027426 0.999594 -0.165600 0.000000 0.000000 0.000000 1.000000</float_array><technique_common><accessor source="#arissa_Spine1-Matrix-animation-output-transform-array" count="30" stride="16"><param type="float4x4"/></accessor></technique_common></source><source id="arissa_Spine1-Interpolations"><Name_array id="arissa_Spine1-Interpolations-array" count="30">
 LINEAR LINEAR LINEAR LINEAR LINEAR LINEAR LINEAR LINEAR LINEAR LINEAR LINEAR
LINEAR LINEAR LINEAR LINEAR LINEAR LINEAR LINEAR LINEAR LINEAR LINEAR LINEAR LINEAR
LINEAR LINEAR LINEAR LINEAR LINEAR LINEAR LINEAR</Name_array><technique_common><accessor source="#arissa_Spine1-Interpolations-array" count="30"><param type="name"/></accessor></technique_common></source><sampler id="arissa_Spine1-Matrix-animation-transform"><input semantic="INPUT" source="#arissa_Spine1-Matrix-animation-input"/><input semantic="OUTPUT" source="#arissa_Spine1-Matrix-animation-output-transform"/><input semantic="INTERPOLATION" source="#arissa_Spine1-Interpolations"/></sampler><channel source="#arissa_Spine1-Matrix-animation-transform" target="arissa_Spine1/matrix"/></animation>
    <animation id="arissa_Spine2-anim" name="arissa_Spine2"><source id="arissa_Spine2-Matrix-animation-input"><float_array id="arissa_Spine2-Matrix-animation-input-array" count="30">

0.000000 0.033333 0.066667 0.100000 0.133333 0.166667 0.200000 0.233333 0.266667 0.300000 0.333333 0.366667 0.400000 0.433333 0.466667 0.500000
0.533333 0.566667 0.600000 0.633333 0.666667 0.700000 0.733333 0.766667 0.800000 0.833333 0.866667 0.900000 0.933333 0.966667</float_array><technique_common><accessor source="#arissa_Spine2-Matrix-animation-input-array" count="30"><param name="TIME" type="float"/></accessor></technique_common></source><source id="arissa_Spine2-Matrix-animation-output-transform"><float_array id="arissa_Spine2-Matrix-animation-output-transform-array" count="480">

0.996656 0.036827 -0.072936 -0.000000 -0.049975 0.980977 -0.187582 13.639600 0.064640 0.190600 0.979537 -1.292300 0.000000 0.000000 0.000000 1.000000
0.996705 0.036407 -0.072488 0.000000 -0.049476 0.981001 -0.187588 13.639600 0.064281 0.190557 0.979569 -1.292300 0.000000 0.000000 0.000000 1.000000
0.996749 0.036753 -0.071702 0.000000 -0.049674 0.980967 -0.187713 13.639600 0.063439 0.190665 0.979603 -1.292300 0.000000 0.000000 0.000000 1.000000
0.996819 0.037491 -0.070324 -0.000000 -0.050211 0.980714 -0.188888 13.639600 0.061886 0.191819 0.979477 -1.292300 0.000000 0.000000 0.000000 1.000000
0.996920 0.039153 -0.067950 -0.000000 -0.051525 0.980211 -0.191135 13.639600 0.059121 0.194047 0.979209 -1.292300 0.000000 0.000000 0.000000 1.000000
0.997017 0.043224 -0.063940 0.000000 -0.055041 0.978965 -0.196463 13.639600 0.054103 0.199397 0.978424 -1.292300 0.000000 0.000000 0.000000 1.000000
0.997033 0.049338 -0.059083 0.000000 -0.060401 0.977273 -0.203195 13.639600 0.047715 0.206161 0.977354 -1.292300 0.000000 0.000000 0.000000 1.000000
0.996954 0.054673 -0.055618 0.000000 -0.064923 0.976941 -0.203399 13.639600 0.043215 0.206391 0.977515 -1.292300 0.000000 0.000000 0.000000 1.000000
0.997130 0.053527 -0.053534 0.000000 -0.063157 0.978084 -0.198399 13.639600 0.041741 0.201210 0.978658 -1.292300 0.000000 0.000000 0.000000 1.000000
0.997455 0.047280 -0.053376 0.000000 -0.056831 0.979231 -0.194620 13.639600 0.043066 0.197158 0.979425 -1.292300 0.000000 0.000000 0.000000 1.000000
0.997424 0.044144 -0.056548 -0.000000 -0.054404 0.979261 -0.195161 13.639600 0.046760 0.197735 0.979140 -1.292300 0.000000 0.000000 0.000000 1.000000
0.997134 0.045362 -0.060549 0.000000 -0.056457 0.978902 -0.196377 13.639600 0.050364 0.199232 0.978657 -1.292300 0.000000 0.000000 0.000000 1.000000
0.996879 0.047739 -0.062879 -0.000000 -0.059136 0.979194 -0.194117 13.639600 0.052304 0.197229 0.978961 -1.292300 0.000000 0.000000 0.000000 1.000000
0.996751 0.049344 -0.063654 0.000000 -0.060800 0.979337 -0.192881 13.639600 0.052821 0.196124 0.979155 -1.292300 0.000000 0.000000 0.000000 1.000000
0.996714 0.049185 -0.064366 0.000000 -0.060774 0.979372 -0.192710 13.639600 0.053560 0.195988 0.979142 -1.292300 0.000000 0.000000 0.000000 1.000000
0.996630 0.048156 -0.066400 0.000000 -0.059984 0.980035 -0.189563 13.639600 0.055946 0.192907 0.979621 -1.292300 0.000000 0.000000 0.000000 1.000000
0.996584 0.045078 -0.069199 0.000000 -0.057296 0.980835 -0.186226 13.639600 0.059478 0.189555 0.980067 -1.292300 0.000000 0.000000 0.000000 1.000000
0.996725 0.039150 -0.070752 -0.000000 -0.051732 0.981218 -0.185834 13.639600 0.062148 0.188886 0.980030 -1.292300 0.000000 0.000000 0.000000 1.000000
0.996700 0.037412 -0.072045 0.000000 -0.050257 0.981321 -0.185694 13.639600 0.063752 0.188702 0.979963 -1.292300 0.000000 0.000000 0.000000 1.000000
0.996498 0.038088 -0.074443 0.000000 -0.051447 0.981063 -0.186732 13.639600 0.065921 0.189908 0.979586 -1.292300 0.000000 0.000000 0.000000 1.000000
0.996430 0.035705 -0.076503 0.000000 -0.049554 0.980997 -0.187588 13.639600 0.068352 0.190709 0.979264 -1.292300 0.000000 0.000000 0.000000 1.000000
0.996417 0.035068 -0.076964 0.000000 -0.048833 0.981526 -0.184990 13.639600 0.069055 0.188085 0.979722 -1.292300 0.000000 0.000000 0.000000 1.000000
0.996357 0.038342 -0.076175 0.000000 -0.051786 0.981708 -0.183217 13.639600 0.067756 0.186495 0.980117 -1.292300 0.000000 0.000000 0.000000 1.000000
0.996037 0.046644 -0.075727 0.000000 -0.059758 0.981595 -0.181384 13.639600 0.065873 0.185190 0.980492 -1.292300 0.000000 0.000000 0.000000 1.000000
0.995840 0.051270 -0.075320 0.000000 -0.064141 0.981598 -0.179865 13.639600 0.064712 0.183948 0.980803 -1.292300 0.000000 0.000000 0.000000 1.000000
0.996336 0.042267 -0.074352 0.000000 -0.055153 0.981963 -0.180850 13.639600 0.065367 0.184288 0.980696 -1.292300 0.000000 0.000000 0.000000 1.000000
0.996624 0.035836 -0.073871 -0.000000 -0.048902 0.981809 -0.183466 13.639600 0.065953 0.186459 0.980247 -1.292300 0.000000 0.000000 0.000000 1.000000
0.996594 0.037163 -0.073616 0.000000 -0.050328 0.981267 -0.185960 13.639600 0.065326 0.189032 0.979796 -1.292300 0.000000 0.000000 0.000000 1.000000
0.996608 0.037537 -0.073230 0.000000 -0.050693 0.981047 -0.187022 13.639600 0.064822 0.190100 0.979622 -1.292300 0.000000 0.000000 0.000000 1.000000
0.996656 0.036827 -0.072936 0.000000 -0.049971 0.980990 -0.187514 13.639600 0.064644 0.190532 0.979550 -1.292300 0.000000 0.000000 0.000000 1.000000</float_array><technique_common><accessor source="#arissa_Spine2-Matrix-animation-output-transform-array" count="30" stride="16"><param type="float4x4"/></accessor></technique_common></source><source id="arissa_Spine2-Interpolations"><Name_array id="arissa_Spine2-Interpolations-array" count="30">
 LINEAR LINEAR LINEAR LINEAR LINEAR LINEAR LINEAR LINEAR LINEAR LINEAR LINEAR
LINEAR LINEAR LINEAR LINEAR LINEAR LINEAR LINEAR LINEAR LINEAR LINEAR LINEAR LINEAR
LINEAR LINEAR LINEAR LINEAR LINEAR LINEAR LINEAR</Name_array><technique_common><accessor source="#arissa_Spine2-Interpolations-array" count="30"><param type="name"/></accessor></technique_common></source><sampler id="arissa_Spine2-Matrix-animation-transform"><input semantic="INPUT" source="#arissa_Spine2-Matrix-animation-input"/><input semantic="OUTPUT" source="#arissa_Spine2-Matrix-animation-output-transform"/><input semantic="INTERPOLATION" source="#arissa_Spine2-Interpolations"/></sampler><channel source="#arissa_Spine2-Matrix-animation-transform" target="arissa_Spine2/matrix"/></animation>
    <animation id="arissa_Neck-anim" name="arissa_Neck"><source id="arissa_Neck-Matrix-animation-input"><float_array id="arissa_Neck-Matrix-animation-input-array" count="30">

0.000000 0.033333 0.066667 0.100000 0.133333 0.166667 0.200000 0.233333 0.266667 0.300000 0.333333 0.366667 0.400000 0.433333 0.466667 0.500000
0.533333 0.566667 0.600000 0.633333 0.666667 0.700000 0.733333 0.766667 0.800000 0.833333 0.866667 0.900000 0.933333 0.966667</float_array><technique_common><accessor source="#arissa_Neck-Matrix-animation-input-array" count="30"><param name="TIME" type="float"/></accessor></technique_common></source><source id="arissa_Neck-Matrix-animation-output-transform"><float_array id="arissa_Neck-Matrix-animation-output-transform-array" count="480">

0.997854 -0.005525 0.065248 0.000000 0.005751 0.999978 -0.003266 13.877400 -0.065228 0.003634 0.997864 -4.354200 0.000000 0.000000 0.000000 1.000000
0.997875 -0.005111 0.064950 -0.000000 0.005284 0.999983 -0.002490 13.877400 -0.064936 0.002828 0.997885 -4.354200 0.000000 0.000000 0.000000 1.000000
0.997914 -0.004980 0.064365 0.000000 0.005085 0.999986 -0.001464 13.877400 -0.064357 0.001788 0.997925 -4.354200 0.000000 0.000000 0.000000 1.000000
0.997940 -0.005147 0.063951 0.000000 0.005126 0.999987 0.000488 13.877400 -0.063953 -0.000159 0.997953 -4.354200 0.000000 0.000000 0.000000 1.000000
0.997945 -0.005169 0.063863 0.000000 0.004987 0.999983 0.003015 13.877400 -0.063877 -0.002690 0.997954 -4.354200 0.000000 0.000000 0.000000 1.000000
0.997971 -0.006769 0.063301 -0.000000 0.006446 0.999965 0.005320 13.877400 -0.063335 -0.004901 0.997980 -4.354200 0.000000 0.000000 0.000000 1.000000
0.997965 -0.008978 0.063137 0.000000 0.008455 0.999928 0.008557 13.877400 -0.063209 -0.008006 0.997968 -4.354200 0.000000 0.000000 0.000000 1.000000
0.997878 -0.008867 0.064504 -0.000000 0.008099 0.999893 0.012146 13.877400 -0.064605 -0.011597 0.997844 -4.354200 0.000000 0.000000 0.000000 1.000000
0.997802 -0.008126 0.065765 0.000000 0.007394 0.999908 0.011366 13.877400 -0.065851 -0.010854 0.997770 -4.354200 0.000000 0.000000 0.000000 1.000000
0.997847 -0.010487 0.064738 0.000000 0.010115 0.999930 0.006074 13.877400 -0.064797 -0.005407 0.997884 -4.354200 0.000000 0.000000 0.000000 1.000000
0.997937 -0.015007 0.062428 0.000000 0.014967 0.999887 0.001101 13.877400 -0.062438 -0.000164 0.998049 -4.354200 0.000000 0.000000 0.000000 1.000000
0.997984 -0.018378 0.060752 -0.000000 0.018395 0.999831 0.000290 13.877400 -0.060747 0.000828 0.998153 -4.354200 0.000000 0.000000 0.000000 1.000000
0.998002 -0.021489 0.059410 0.000000 0.021379 0.999768 0.002489 13.877400 -0.059449 -0.001214 0.998231 -4.354200 0.000000 0.000000 0.000000 1.000000
0.998013 -0.023914 0.058295 0.000000 0.023740 0.999711 0.003670 13.877400 -0.058366 -0.002279 0.998293 -4.354200 0.000000 0.000000 0.000000 1.000000
0.998010 -0.025048 0.057861 0.000000 0.024913 0.999685 0.003050 13.877400 -0.057919 -0.001602 0.998320 -4.354200 0.000000 0.000000 0.000000 1.000000
0.998013 -0.026714 0.057065 0.000000 0.026653 0.999643 0.001827 13.877400 -0.057093 -0.000303 0.998369 -4.354200 0.000000 0.000000 0.000000 1.000000
0.998044 -0.027458 0.056160 0.000000 0.027446 0.999623 0.000982 13.877400 -0.056166 0.000561 0.998421 -4.354200 0.000000 0.000000 0.000000 1.000000
0.998094 -0.025700 0.056103 0.000000 0.025646 0.999670 0.001668 13.877400 -0.056127 -0.000226 0.998424 -4.354200 0.000000 0.000000 0.000000 1.000000
0.998115 -0.024538 0.056255 0.000000 0.024408 0.999698 0.002997 13.877400 -0.056311 -0.001618 0.998412 -4.354200 0.000000 0.000000 0.000000 1.000000
0.998111 -0.025890 0.055721 0.000000 0.025783 0.999664 0.002637 13.877400 -0.055771 -0.001195 0.998443 -4.354200 0.000000 0.000000 0.000000 1.000000
0.998102 -0.028684 0.054497 0.000000 0.028680 0.999588 0.000853 13.877400 -0.054499 0.000711 0.998514 -4.354200 0.000000 0.000000 0.000000 1.000000
0.998074 -0.030442 0.054053 0.000000 0.030542 0.999533 -0.001040 13.877400 -0.053996 0.002689 0.998538 -4.354200 0.000000 0.000000 0.000000 1.000000
0.998043 -0.029643 0.055067 -0.000000 0.029799 0.999554 -0.002002 13.877400 -0.054983 0.003639 0.998481 -4.354200 0.000000 0.000000 0.000000 1.000000
0.998059 -0.029256 0.054978 0.000000 0.029346 0.999569 -0.000822 13.877400 -0.054930 0.002434 0.998487 -4.354200 0.000000 0.000000 0.000000 1.000000
0.998154 -0.025904 0.054936 0.000000 0.025997 0.999662 -0.000977 13.877400 -0.054892 0.002403 0.998489 -4.354200 0.000000 0.000000 0.000000 1.000000
0.998103 -0.013038 0.060167 0.000000 0.013288 0.999905 -0.003752 13.877400 -0.060112 0.004544 0.998181 -4.354200 0.000000 0.000000 0.000000 1.000000
0.997862 -0.005100 0.065152 -0.000000 0.005373 0.999977 -0.004024 13.877400 -0.065130 0.004366 0.997867 -4.354200 0.000000 0.000000 0.000000 1.000000
0.997830 -0.006057 0.065565 0.000000 0.006327 0.999972 -0.003912 13.877400 -0.065539 0.004318 0.997841 -4.354200 0.000000 0.000000 0.000000 1.000000
0.997845 -0.006135 0.065322 0.000000 0.006404 0.999972 -0.003905 13.877400 -0.065296 0.004314 0.997857 -4.354200 0.000000 0.000000 0.000000 1.000000
0.997852 -0.005526 0.065274 0.000000 0.005751 0.999978 -0.003266 13.877400 -0.065255 0.003634 0.997862 -4.354200 0.000000 0.000000 0.000000 1.000000</float_array><technique_common><accessor source="#arissa_Neck-Matrix-animation-output-transform-array" count="30" stride="16"><param type="float4x4"/></accessor></technique_common></source><source id="arissa_Neck-Interpolations"><Name_array id="arissa_Neck-Interpolations-array" count="30">
 LINEAR LINEAR LINEAR LINEAR LINEAR LINEAR LINEAR LINEAR LINEAR LINEAR LINEAR
LINEAR LINEAR LINEAR LINEAR LINEAR LINEAR LINEAR LINEAR LINEAR LINEAR LINEAR LINEAR
LINEAR LINEAR LINEAR LINEAR LINEAR LINEAR LINEAR</Name_array><technique_common><accessor source="#arissa_Neck-Interpolations-array" count="30"><param type="name"/></accessor></technique_common></source><sampler id="arissa_Neck-Matrix-animation-transform"><input semantic="INPUT" source="#arissa_Neck-Matrix-animation-input"/><input semantic="OUTPUT" source="#arissa_Neck-Matrix-animation-output-transform"/><input semantic="INTERPOLATION" source="#arissa_Neck-Interpolations"/></sampler><channel source="#arissa_Neck-Matrix-animation-transform" target="arissa_Neck/matrix"/></animation>
    <animation id="arissa_Neck1-anim" name="arissa_Neck1"><source id="arissa_Neck1-Matrix-animation-input"><float_array id="arissa_Neck1-Matrix-animation-input-array" count="30">

0.000000 0.033333 0.066667 0.100000 0.133333 0.166667 0.200000 0.233333 0.266667 0.300000 0.333333 0.366667 0.400000 0.433333 0.466667 0.500000
0.533333 0.566667 0.600000 0.633333 0.666667 0.700000 0.733333 0.766667 0.800000 0.833333 0.866667 0.900000 0.933333 0.966667</float_array><technique_common><accessor source="#arissa_Neck1-Matrix-animation-input-array" count="30"><param name="TIME" type="float"/></accessor></technique_common></source><source id="arissa_Neck1-Matrix-animation-output-transform"><float_array id="arissa_Neck1-Matrix-animation-output-transform-array" count="480">

0.997854 -0.005526 0.065248 0.000000 0.005751 0.999978 -0.003268 4.340000 -0.065228 0.003636 0.997864 0.926900 0.000000 0.000000 0.000000 1.000000
0.997875 -0.005111 0.064950 0.000000 0.005284 0.999983 -0.002490 4.340000 -0.064936 0.002827 0.997885 0.926900 0.000000 0.000000 0.000000 1.000000
0.997914 -0.004980 0.064365 0.000000 0.005085 0.999986 -0.001463 4.340000 -0.064357 0.001788 0.997925 0.926900 0.000000 0.000000 0.000000 1.000000
0.997940 -0.005147 0.063951 0.000000 0.005126 0.999987 0.000488 4.340000 -0.063953 -0.000159 0.997953 0.926900 0.000000 0.000000 0.000000 1.000000
0.997945 -0.005169 0.063862 -0.000000 0.004987 0.999983 0.003017 4.340000 -0.063877 -0.002692 0.997954 0.926900 0.000000 0.000000 0.000000 1.000000
0.997971 -0.006769 0.063302 -0.000000 0.006445 0.999965 0.005318 4.340000 -0.063335 -0.004899 0.997980 0.926900 0.000000 0.000000 0.000000 1.000000
0.997965 -0.008978 0.063136 0.000000 0.008455 0.999928 0.008555 4.340000 -0.063209 -0.008004 0.997968 0.926900 0.000000 0.000000 0.000000 1.000000
0.997878 -0.008867 0.064504 0.000000 0.008100 0.999893 0.012146 4.340000 -0.064605 -0.011598 0.997844 0.926900 0.000000 0.000000 0.000000 1.000000
0.997802 -0.008126 0.065765 0.000000 0.007394 0.999908 0.011366 4.340000 -0.065851 -0.010854 0.997770 0.926900 0.000000 0.000000 0.000000 1.000000
0.997847 -0.010487 0.064738 0.000000 0.010115 0.999930 0.006073 4.340000 -0.064797 -0.005405 0.997884 0.926900 0.000000 0.000000 0.000000 1.000000
0.997937 -0.015007 0.062428 0.000000 0.014968 0.999887 0.001101 4.340000 -0.062437 -0.000164 0.998049 0.926900 0.000000 0.000000 0.000000 1.000000
0.997984 -0.018377 0.060752 0.000000 0.018394 0.999831 0.000288 4.340000 -0.060747 0.000830 0.998153 0.926900 0.000000 0.000000 0.000000 1.000000
0.998002 -0.021489 0.059410 -0.000000 0.021379 0.999768 0.002489 4.340000 -0.059449 -0.001214 0.998231 0.926900 0.000000 0.000000 0.000000 1.000000
0.998013 -0.023914 0.058295 -0.000000 0.023740 0.999711 0.003670 4.340000 -0.058366 -0.002279 0.998293 0.926900 0.000000 0.000000 0.000000 1.000000
0.998010 -0.025048 0.057862 0.000000 0.024913 0.999685 0.003048 4.340000 -0.057920 -0.001600 0.998320 0.926900 0.000000 0.000000 0.000000 1.000000
0.998013 -0.026714 0.057065 0.000000 0.026653 0.999643 0.001827 4.340000 -0.057093 -0.000303 0.998369 0.926900 0.000000 0.000000 0.000000 1.000000
0.998044 -0.027457 0.056160 -0.000000 0.027445 0.999623 0.000980 4.340000 -0.056166 0.000563 0.998421 0.926900 0.000000 0.000000 0.000000 1.000000
0.998094 -0.025700 0.056103 0.000000 0.025647 0.999670 0.001668 4.340000 -0.056127 -0.000226 0.998424 0.926900 0.000000 0.000000 0.000000 1.000000
0.998115 -0.024538 0.056255 0.000000 0.024408 0.999698 0.002999 4.340000 -0.056311 -0.001621 0.998412 0.926900 0.000000 0.000000 0.000000 1.000000
0.998111 -0.025891 0.055721 -0.000000 0.025784 0.999664 0.002637 4.340000 -0.055771 -0.001195 0.998443 0.926900 0.000000 0.000000 0.000000 1.000000
0.998102 -0.028685 0.054497 0.000000 0.028681 0.999588 0.000854 4.340000 -0.054499 0.000711 0.998514 0.926900 0.000000 0.000000 0.000000 1.000000
0.998074 -0.030442 0.054053 0.000000 0.030543 0.999533 -0.001039 4.340000 -0.053996 0.002688 0.998538 0.926900 0.000000 0.000000 0.000000 1.000000
0.998043 -0.029643 0.055067 -0.000000 0.029799 0.999554 -0.002002 4.340000 -0.054983 0.003639 0.998481 0.926900 0.000000 0.000000 0.000000 1.000000
0.998059 -0.029256 0.054978 -0.000000 0.029346 0.999569 -0.000822 4.340000 -0.054930 0.002434 0.998487 0.926900 0.000000 0.000000 0.000000 1.000000
0.998154 -0.025903 0.054936 0.000000 0.025996 0.999662 -0.000975 4.340000 -0.054892 0.002401 0.998489 0.926900 0.000000 0.000000 0.000000 1.000000
0.998103 -0.013038 0.060167 0.000000 0.013288 0.999905 -0.003752 4.340000 -0.060112 0.004544 0.998181 0.926900 0.000000 0.000000 0.000000 1.000000
0.997862 -0.005099 0.065152 -0.000000 0.005373 0.999977 -0.004026 4.340000 -0.065130 0.004368 0.997867 0.926900 0.000000 0.000000 0.000000 1.000000
0.997830 -0.006057 0.065565 -0.000000 0.006327 0.999972 -0.003912 4.340000 -0.065539 0.004318 0.997841 0.926900 0.000000 0.000000 0.000000 1.000000
0.997845 -0.006135 0.065322 -0.000000 0.006404 0.999972 -0.003905 4.340000 -0.065296 0.004314 0.997857 0.926900 0.000000 0.000000 0.000000 1.000000
0.997852 -0.005526 0.065274 -0.000000 0.005751 0.999978 -0.003266 4.340000 -0.065255 0.003635 0.997862 0.926900 0.000000 0.000000 0.000000 1.000000</float_array><technique_common><accessor source="#arissa_Neck1-Matrix-animation-output-transform-array" count="30" stride="16"><param type="float4x4"/></accessor></technique_common></source><source id="arissa_Neck1-Interpolations"><Name_array id="arissa_Neck1-Interpolations-array" count="30">
 LINEAR LINEAR LINEAR LINEAR LINEAR LINEAR LINEAR LINEAR LINEAR LINEAR LINEAR
LINEAR LINEAR LINEAR LINEAR LINEAR LINEAR LINEAR LINEAR LINEAR LINEAR LINEAR LINEAR
LINEAR LINEAR LINEAR LINEAR LINEAR LINEAR LINEAR</Name_array><technique_common><accessor source="#arissa_Neck1-Interpolations-array" count="30"><param type="name"/></accessor></technique_common></source><sampler id="arissa_Neck1-Matrix-animation-transform"><input semantic="INPUT" source="#arissa_Neck1-Matrix-animation-input"/><input semantic="OUTPUT" source="#arissa_Neck1-Matrix-animation-output-transform"/><input semantic="INTERPOLATION" source="#arissa_Neck1-Interpolations"/></sampler><channel source="#arissa_Neck1-Matrix-animation-transform" target="arissa_Neck1/matrix"/></animation>
    <animation id="arissa_Head-anim" name="arissa_Head"><source id="arissa_Head-Matrix-animation-input"><float_array id="arissa_Head-Matrix-animation-input-array" count="30">

0.000000 0.033333 0.066667 0.100000 0.133333 0.166667 0.200000 0.233333 0.266667 0.300000 0.333333 0.366667 0.400000 0.433333 0.466667 0.500000
0.533333 0.566667 0.600000 0.633333 0.666667 0.700000 0.733333 0.766667 0.800000 0.833333 0.866667 0.900000 0.933333 0.966667</float_array><technique_common><accessor source="#arissa_Head-Matrix-animation-input-array" count="30"><param name="TIME" type="float"/></accessor></technique_common></source><source id="arissa_Head-Matrix-animation-output-transform"><float_array id="arissa_Head-Matrix-animation-output-transform-array" count="480">

0.997854 -0.005525 0.065248 -0.000000 0.005751 0.999978 -0.003265 4.026600 -0.065228 0.003633 0.997864 0.858500 0.000000 0.000000 0.000000 1.000000
0.997875 -0.005111 0.064950 -0.000000 0.005284 0.999983 -0.002490 4.026600 -0.064936 0.002827 0.997885 0.858500 0.000000 0.000000 0.000000 1.000000
0.997914 -0.004980 0.064366 0.000000 0.005085 0.999986 -0.001464 4.026600 -0.064357 0.001788 0.997925 0.858500 0.000000 0.000000 0.000000 1.000000
0.997940 -0.005147 0.063951 0.000000 0.005126 0.999987 0.000487 4.026600 -0.063953 -0.000158 0.997953 0.858500 0.000000 0.000000 0.000000 1.000000
0.997945 -0.005169 0.063863 0.000000 0.004987 0.999983 0.003013 4.026600 -0.063877 -0.002688 0.997954 0.858500 0.000000 0.000000 0.000000 1.000000
0.997971 -0.006770 0.063301 0.000000 0.006446 0.999965 0.005322 4.026600 -0.063335 -0.004903 0.997980 0.858500 0.000000 0.000000 0.000000 1.000000
0.997965 -0.008978 0.063137 -0.000000 0.008455 0.999928 0.008559 4.026600 -0.063209 -0.008008 0.997968 0.858500 0.000000 0.000000 0.000000 1.000000
