<?xml version="1.0" encoding="utf-8"?>
<COLLADA xmlns="http://www.collada.org/2005/11/COLLADASchema" version="1.4.1">
  <asset><contributor><author>Mixamo</author><authoring_tool>COLLADA Mixamo exporter</authoring_tool><comments></comments></contributor><created>2018-12-12T01:37:05Z</created><modified>2018-12-12T01:37:05Z</modified><revision></revision><title></title><unit meter="0.010000"/><up_axis>Y_UP</up_axis></asset>
  <library_animations>
    <animation id="arissa_Hips-anim" name="arissa_Hips"><source id="arissa_Hips-Matrix-animation-input"><float_array id="arissa_Hips-Matrix-animation-input-array" count="32">

0.000000 0.033333 0.066667 0.100000 0.133333 0.166667 0.200000 0.233333 0.266667 0.300000 0.333333 0.366667 0.400000 0.433333 0.466667 0.500000
0.533333 0.566667 0.600000 0.633333 0.666667 0.700000 0.733333 0.766667 0.800000 0.833333 0.866667 0.900000 0.933333 0.966667 1.000000 1.033333</float_array><technique_common><accessor source="#arissa_Hips-Matrix-animation-input-array" count="32"><param name="TIME" type="float"/></accessor></technique_common></source><source id="arissa_Hips-Matrix-animation-output-transform"><float_array id="arissa_Hips-Matrix-animation-output-transform-array" count="512">

0.608874 0.118895 -0.784306 1.707392 0.039098 0.983005 0.179369 94.569084 0.792303 -0.139878 0.593878 -0.818352 0.000000 0.000000 0.000000 1.000000
0.611756 0.115140 -0.782622 5.065627 0.043382 0.982978 0.178527 94.326012 0.789856 -0.143167 0.596348 -0.574522 0.000000 0.000000 0.000000 1.000000
0.616446 0.112372 -0.779338 8.577064 0.047809 0.982596 0.179497 93.698448 0.785945 -0.147909 0.600345 -0.244544 0.000000 0.000000 0.000000 1.000000
0.628294 0.111844 -0.769895 12.381879 0.049525 0.981855 0.183052 92.901360 0.776398 -0.153139 0.611354 0.170444 0.000000 0.000000 0.000000 1.000000
0.647559 0.114437 -0.753373 16.674450 0.047239 0.980729 0.189576 92.229836 0.760549 -0.158350 0.629674 0.769995 0.000000 0.000000 0.000000 1.000000
0.659923 0.090683 -0.745841 21.673992 0.061657 0.982805 0.174048 91.865417 0.748799 -0.160845 0.642984 1.736563 0.000000 0.000000 0.000000 1.000000
0.655196 0.053653 -0.753552 27.344168 0.091915 0.984403 0.150007 91.574806 0.749847 -0.167546 0.640045 2.724316 0.000000 0.000000 0.000000 1.000000
0.641949 0.029267 -0.766189 33.094193 0.118519 0.983474 0.136868 91.110748 0.757532 -0.178670 0.627871 3.655094 0.000000 0.000000 0.000000 1.000000
0.621597 0.012692 -0.783234 38.054085 0.133743 0.983468 0.122079 90.660912 0.771835 -0.180636 0.609624 4.447219 0.000000 0.000000 0.000000 1.000000
0.593036 0.027697 -0.804699 43.530231 0.131255 0.982714 0.130555 91.121178 0.794406 -0.183044 0.579150 5.195933 0.000000 0.000000 0.000000 1.000000
0.570435 0.058743 -0.819240 48.510250 0.111215 0.982728 0.147905 91.920464 0.813779 -0.175483 0.554049 5.629099 0.000000 0.000000 0.000000 1.000000
0.555546 0.077343 -0.827881 52.334858 0.089669 0.984285 0.152127 92.522003 0.826637 -0.158749 0.539880 5.702511 0.000000 0.000000 0.000000 1.000000
0.545460 0.080845 -0.834229 55.677574 0.079417 0.985873 0.147467 92.951149 0.834366 -0.146690 0.531334 5.534674 0.000000 0.000000 0.000000 1.000000
0.539012 0.087517 -0.837739 58.855728 0.070675 0.986381 0.148518 93.155319 0.839328 -0.139260 0.525486 5.190701 0.000000 0.000000 0.000000 1.000000
0.536848 0.093120 -0.838524 61.797722 0.064190 0.986501 0.150649 92.914413 0.841233 -0.134701 0.523624 4.752852 0.000000 0.000000 0.000000 1.000000
0.533359 0.100288 -0.839923 64.666893 0.060793 0.985835 0.156315 92.377182 0.843702 -0.134433 0.519706 4.319388 0.000000 0.000000 0.000000 1.000000
0.528843 0.111511 -0.841362 67.495567 0.061242 0.983733 0.168875 91.552841 0.846507 -0.140835 0.513411 3.997714 0.000000 0.000000 0.000000 1.000000
0.526127 0.128933 -0.840575 70.202141 0.059246 0.980481 0.187475 90.430908 0.848340 -0.148436 0.508219 3.704273 0.000000 0.000000 0.000000 1.000000
0.516334 0.146164 -0.843822 72.990578 0.056774 0.977318 0.204027 89.288757 0.854503 -0.153254 0.496324 3.538185 0.000000 0.000000 0.000000 1.000000
0.489523 0.156328 -0.857863 76.148323 0.059074 0.975593 0.211492 88.445587 0.869987 -0.154208 0.468340 3.365416 0.000000 0.000000 0.000000 1.000000
0.460002 0.157428 -0.873850 79.944092 0.061155 0.976202 0.208060 88.051987 0.885809 -0.149148 0.439428 3.021837 0.000000 0.000000 0.000000 1.000000
0.447744 0.150364 -0.881429 84.719742 0.050162 0.979983 0.192657 87.660332 0.892754 -0.130475 0.431239 2.377240 0.000000 0.000000 0.000000 1.000000
0.455009 0.155733 -0.876764 90.042015 0.022452 0.982270 0.186124 87.393547 0.890204 -0.104373 0.443445 1.465353 0.000000 0.000000 0.000000 1.000000
0.465892 0.169086 -0.868536 95.135040 -0.006636 0.982212 0.187656 86.856171 0.884817 -0.081664 0.458727 0.450438 0.000000 0.000000 0.000000 1.000000
0.505069 0.168451 -0.846480 100.290482 -0.004680 0.981289 0.192485 86.977234 0.863066 -0.093257 0.496407 -0.488928 0.000000 0.000000 0.000000 1.000000
0.563771 0.180916 -0.805873 105.676682 -0.005242 0.976479 0.215550 87.876678 0.825915 -0.117296 0.551459 -1.173375 0.000000 0.000000 0.000000 1.000000
0.595122 0.189793 -0.780903 111.377502 -0.006965 0.972894 0.231147 89.085899 0.803605 -0.132121 0.580312 -1.541083 0.000000 0.000000 0.000000 1.000000
0.602084 0.175825 -0.778833 117.445122 0.009126 0.973873 0.226911 90.519424 0.798380 -0.143727 0.584749 -1.544030 0.000000 0.000000 0.000000 1.000000
0.599948 0.158292 -0.784223 123.527107 0.025741 0.975905 0.216674 92.043793 0.799625 -0.150180 0.581417 -1.453447 0.000000 0.000000 0.000000 1.000000
0.597422 0.140831 -0.789464 129.212296 0.036166 0.978726 0.201961 93.336716 0.801111 -0.149208 0.579619 -1.341728 0.000000 0.000000 0.000000 1.000000
0.598594 0.128988 -0.790599 134.334686 0.039805 0.980942 0.190182 94.283882 0.800063 -0.145312 0.582052 -1.138501 0.000000 0.000000 0.000000 1.000000
0.608874 0.118895 -0.784306 138.534256 0.039098 0.983005 0.179369 94.569077 0.792303 -0.139878 0.593878 -0.818354 0.000000 0.000000 0.000000 1.000000</float_array><technique_common><accessor source="#arissa_Hips-Matrix-animation-output-transform-array" count="32" stride="16"><param type="float4x4"/></accessor></technique_common></source><source id="arissa_Hips-Interpolations"><Name_array id="arissa_Hips-Interpolations-array" count="32">
 LINEAR LINEAR LINEAR LINEAR LINEAR LINEAR LINEAR LINEAR LINEAR LINEAR LINEAR
LINEAR LINEAR LINEAR LINEAR LINEAR LINEAR LINEAR LINEAR LINEAR LINEAR LINEAR LINEAR
LINEAR LINEAR LINEAR LINEAR LINEAR LINEAR LINEAR LINEAR LINEAR</Name_array><technique_common><accessor source="#arissa_Hips-Interpolations-array" count="32"><param type="name"/></accessor></technique_common></source><sampler id="arissa_Hips-Matrix-animation-transform"><input semantic="INPUT" source="#arissa_Hips-Matrix-animation-input"/><input semantic="OUTPUT" source="#arissa_Hips-Matrix-animation-output-transform"/><input semantic="INTERPOLATION" source="#arissa_Hips-Interpolations"/></sampler><channel source="#arissa_Hips-Matrix-animation-transform" target="arissa_Hips/matrix"/></animation>
    <animation id="arissa_Spine-anim" name="arissa_Spine"><source id="arissa_Spine-Matrix-animation-input"><float_array id="arissa_Spine-Matrix-animation-input-array" count="32">

0.000000 0.033333 0.066667 0.100000 0.133333 0.166667 0.200000 0.233333 0.266667 0.300000 0.333333 0.366667 0.400000 0.433333 0.466667 0.500000
0.533333 0.566667 0.600000 0.633333 0.666667 0.700000 0.733333 0.766667 0.800000 0.833333 0.866667 0.900000 0.933333 0.966667 1.000000 1.033333</float_array><technique_common><accessor source="#arissa_Spine-Matrix-animation-input-array" count="32"><param name="TIME" type="float"/></accessor></technique_common></source><source id="arissa_Spine-Matrix-animation-output-transform"><float_array id="arissa_Spine-Matrix-animation-output-transform-array" count="512">

0.984046 0.004007 0.177870 0.000000 0.061572 0.930297 -0.361601 9.226300 -0.166921 0.366784 0.915209 1.577100 0.000000 0.000000 0.000000 1.000000
0.985530 0.013683 0.168946 0.000000 0.046552 0.936559 -0.347405 9.226300 -0.162981 0.350243 0.922370 1.577100 0.000000 0.000000 0.000000 1.000000
0.987239 0.026090 0.157092 0.000000 0.027650 0.943420 -0.330447 9.226300 -0.156825 0.330574 0.930659 1.577100 0.000000 0.000000 0.000000 1.000000
0.988775 0.039545 0.144085 -0.000000 0.007457 0.950076 -0.311929 9.226300 -0.149227 0.309502 0.939117 1.577100 0.000000 0.000000 0.000000 1.000000
0.989909 0.052489 0.131628 0.000000 -0.011684 0.955941 -0.293326 9.226300 -0.141225 0.288828 0.946908 1.577100 0.000000 0.000000 0.000000 1.000000
0.990566 0.063556 0.121407 0.000000 -0.027762 0.960646 -0.276385 9.226300 -0.134195 0.270407 0.953348 1.577100 0.000000 0.000000 0.000000 1.000000
0.990829 0.070799 0.115086 -0.000000 -0.038341 0.964043 -0.262967 9.226300 -0.129566 0.256143 0.957916 1.577100 0.000000 0.000000 0.000000 1.000000
0.990760 0.072845 0.114406 0.000000 -0.041576 0.966034 -0.255048 9.226300 -0.129099 0.247934 0.960136 1.577100 0.000000 0.000000 0.000000 1.000000
0.990198 0.070348 0.120664 -0.000000 -0.037614 0.966293 -0.254684 9.226300 -0.134513 0.247648 0.959467 1.577100 0.000000 0.000000 0.000000 1.000000
0.987826 0.041580 0.149900 0.000000 0.002341 0.959533 -0.281585 9.226300 -0.155542 0.278508 0.947755 1.577100 0.000000 0.000000 0.000000 1.000000
0.984533 0.002407 0.175180 0.000000 0.052282 0.950309 -0.306887 9.226300 -0.167214 0.311299 0.935485 1.577100 0.000000 0.000000 0.000000 1.000000
0.980778 -0.020414 0.194054 0.000000 0.081297 0.946834 -0.311280 9.226300 -0.177382 0.321073 0.930294 1.577100 0.000000 0.000000 0.000000 1.000000
0.979607 -0.020023 0.199924 -0.000000 0.082181 0.947915 -0.307739 9.226300 -0.183349 0.317894 0.930229 1.577100 0.000000 0.000000 0.000000 1.000000
0.978879 -0.014779 0.203907 0.000000 0.078271 0.948485 -0.307002 9.226300 -0.188865 0.316478 0.929608 1.577100 0.000000 0.000000 0.000000 1.000000
0.978648 -0.009531 0.205321 0.000000 0.073365 0.949323 -0.305618 9.226300 -0.192003 0.314156 0.929753 1.577100 0.000000 0.000000 0.000000 1.000000
0.977780 -0.003330 0.209609 0.000000 0.068327 0.950337 -0.303630 9.226300 -0.198188 0.311205 0.929448 1.577100 0.000000 0.000000 0.000000 1.000000
0.976821 0.003477 0.214028 -0.000000 0.062634 0.951464 -0.301319 9.226300 -0.204688 0.307740 0.929193 1.577100 0.000000 0.000000 0.000000 1.000000
0.976842 0.007222 0.213839 -0.000000 0.058423 0.952448 -0.299049 9.226300 -0.205830 0.304617 0.929969 1.577100 0.000000 0.000000 0.000000 1.000000
0.975213 0.007113 0.221152 0.000000 0.059535 0.954188 -0.293224 9.226300 -0.213106 0.299123 0.930114 1.577100 0.000000 0.000000 0.000000 1.000000
0.972603 0.009236 0.232288 -0.000000 0.059148 0.956497 -0.285685 9.226300 -0.224821 0.291597 0.929745 1.577100 0.000000 0.000000 0.000000 1.000000
0.969665 0.012622 0.244113 0.000000 0.058794 0.957304 -0.283041 9.226300 -0.237263 0.288808 0.927522 1.577100 0.000000 0.000000 0.000000 1.000000
0.967514 -0.005802 0.252749 -0.000000 0.078843 0.956803 -0.279844 9.226300 -0.240207 0.290681 0.926178 1.577100 0.000000 0.000000 0.000000 1.000000
0.965501 -0.030948 0.258555 0.000000 0.106675 0.952781 -0.284305 9.226300 -0.237548 0.302078 0.923212 1.577100 0.000000 0.000000 0.000000 1.000000
0.963821 -0.058094 0.260143 -0.000000 0.136534 0.945804 -0.294641 9.226300 -0.228928 0.319500 0.919517 1.577100 0.000000 0.000000 0.000000 1.000000
0.969195 -0.057345 0.239525 0.000000 0.136399 0.934734 -0.328129 9.226300 -0.205075 0.350692 0.913761 1.577100 0.000000 0.000000 0.000000 1.000000
0.974133 -0.064205 0.216662 0.000000 0.144351 0.914473 -0.378023 9.226300 -0.173861 0.399520 0.900087 1.577100 0.000000 0.000000 0.000000 1.000000
0.975739 -0.068846 0.207828 0.000000 0.150465 0.900434 -0.408141 9.226300 -0.159037 0.429510 0.888948 1.577100 0.000000 0.000000 0.000000 1.000000
0.977800 -0.056020 0.201913 0.000000 0.136572 0.901191 -0.411342 9.226300 -0.158919 0.429786 0.888836 1.577100 0.000000 0.000000 0.000000 1.000000
0.979173 -0.036536 0.199712 -0.000000 0.116595 0.906484 -0.405824 9.226300 -0.166208 0.420657 0.891865 1.577100 0.000000 0.000000 0.000000 1.000000
0.980296 -0.019070 0.196609 0.000000 0.096650 0.914353 -0.393214 9.226300 -0.172272 0.404468 0.898180 1.577100 0.000000 0.000000 0.000000 1.000000
0.981961 -0.006528 0.188970 0.000000 0.079247 0.921600 -0.379965 9.226300 -0.171674 0.388086 0.905493 1.577100 0.000000 0.000000 0.000000 1.000000
0.984046 0.004007 0.177870 0.000000 0.061572 0.930298 -0.361601 9.226300 -0.166921 0.366784 0.915209 1.577100 0.000000 0.000000 0.000000 1.000000</float_array><technique_common><accessor source="#arissa_Spine-Matrix-animation-output-transform-array" count="32" stride="16"><param type="float4x4"/></accessor></technique_common></source><source id="arissa_Spine-Interpolations"><Name_array id="arissa_Spine-Interpolations-array" count="32">
 LINEAR LINEAR LINEAR LINEAR LINEAR LINEAR LINEAR LINEAR LINEAR LINEAR LINEAR
LINEAR LINEAR LINEAR LINEAR LINEAR LINEAR LINEAR LINEAR LINEAR LINEAR LINEAR LINEAR
LINEAR LINEAR LINEAR LINEAR LINEAR LINEAR LINEAR LINEAR LINEAR</Name_array><technique_common><accessor source="#arissa_Spine-Interpolations-array" count="32"><param type="name"/></accessor></technique_common></source><sampler id="arissa_Spine-Matrix-animation-transform"><input semantic="INPUT" source="#arissa_Spine-Matrix-animation-input"/><input semantic="OUTPUT" source="#arissa_Spine-Matrix-animation-output-transform"/><input semantic="INTERPOLATION" source="#arissa_Spine-Interpolations"/></sampler><channel source="#arissa_Spine-Matrix-animation-transform" target="arissa_Spine/matrix"/></animation>
    <animation id="arissa_Spine1-anim" name="arissa_Spine1"><source id="arissa_Spine1-Matrix-animation-input"><float_array id="arissa_Spine1-Matrix-animation-input-array" count="32">

0.000000 0.033333 0.066667 0.100000 0.133333 0.166667 0.200000 0.233333 0.266667 0.300000 0.333333 0.366667 0.400000 0.433333 0.466667 0.500000
0.533333 0.566667 0.600000 0.633333 0.666667 0.700000 0.733333 0.766667 0.800000 0.833333 0.866667 0.900000 0.933333 0.966667 1.000000 1.033333</float_array><technique_common><accessor source="#arissa_Spine1-Matrix-animation-input-array" count="32"><param name="TIME" type="float"/></accessor></technique_common></source><source id="arissa_Spine1-Matrix-animation-output-transform"><float_array id="arissa_Spine1-Matrix-animation-output-transform-array" count="512">

0.991439 0.130510 0.003869 -0.000000 -0.130344 0.991042 -0.029100 16.254000 -0.007632 0.028346 0.999569 -0.165600 0.000000 0.000000 0.000000 1.000000
0.991670 0.128759 0.003314 0.000000 -0.128593 0.991197 -0.031494 16.254000 -0.007340 0.030806 0.999498 -0.165600 0.000000 0.000000 0.000000 1.000000
0.991872 0.127216 0.002641 0.000000 -0.127049 0.991288 -0.034726 16.254000 -0.007036 0.034109 0.999393 -0.165600 0.000000 0.000000 0.000000 1.000000
0.991788 0.127884 0.001254 -0.000000 -0.127754 0.991136 -0.036452 16.254000 -0.005904 0.035993 0.999335 -0.165600 0.000000 0.000000 0.000000 1.000000
0.991952 0.126579 -0.002911 0.000000 -0.126602 0.991313 -0.035651 16.254000 -0.001627 0.035732 0.999360 -0.165600 0.000000 0.000000 0.000000 1.000000
0.991769 0.127881 -0.006427 -0.000000 -0.128023 0.991242 -0.032404 16.254000 0.002227 0.032960 0.999454 -0.165600 0.000000 0.000000 0.000000 1.000000
0.991460 0.130192 -0.007505 0.000000 -0.130369 0.990930 -0.032596 16.254000 0.003193 0.033296 0.999440 -0.165600 0.000000 0.000000 0.000000 1.000000
0.991371 0.130854 -0.007827 0.000000 -0.131042 0.990831 -0.032901 16.254000 0.003450 0.033643 0.999428 -0.165600 0.000000 0.000000 0.000000 1.000000
0.991940 0.126643 -0.004051 0.000000 -0.126707 0.991327 -0.034870 16.254000 -0.000400 0.035102 0.999384 -0.165600 0.000000 0.000000 0.000000 1.000000
0.990692 0.136120 0.000082 0.000000 -0.136062 0.990291 -0.028482 16.254000 -0.003958 0.028205 0.999594 -0.165600 0.000000 0.000000 0.000000 1.000000
0.989596 0.143852 0.002474 0.000000 -0.143733 0.989244 -0.027157 16.254000 -0.006354 0.026519 0.999628 -0.165600 0.000000 0.000000 0.000000 1.000000
0.989697 0.143091 0.005017 0.000000 -0.142870 0.989258 -0.030930 16.254000 -0.009389 0.029895 0.999509 -0.165600 0.000000 0.000000 0.000000 1.000000
0.990562 0.136893 0.006810 0.000000 -0.136597 0.990070 -0.033222 16.254000 -0.011290 0.031979 0.999425 -0.165600 0.000000 0.000000 0.000000 1.000000
0.990988 0.133689 0.008396 0.000000 -0.133336 0.990495 -0.033776 16.254000 -0.012832 0.032352 0.999394 -0.165600 0.000000 0.000000 0.000000 1.000000
0.991188 0.132114 0.009599 0.000000 -0.131711 0.990682 -0.034650 16.254000 -0.014088 0.033081 0.999353 -0.165600 0.000000 0.000000 0.000000 1.000000
0.991294 0.131156 0.011596 0.000000 -0.130647 0.990733 -0.037142 16.254000 -0.016360 0.035304 0.999243 -0.165600 0.000000 0.000000 0.000000 1.000000
0.991116 0.132295 0.013650 0.000000 -0.131652 0.990471 -0.040439 16.254000 -0.018869 0.038282 0.999089 -0.165600 0.000000 0.000000 0.000000 1.000000
0.991152 0.131962 0.014308 0.000000 -0.131220 0.990369 -0.044162 16.254000 -0.019998 0.041893 0.998922 -0.165600 0.000000 0.000000 0.000000 1.000000
0.991043 0.132495 0.016669 0.000000 -0.131555 0.990119 -0.048566 16.254000 -0.022939 0.045938 0.998681 -0.165600 0.000000 0.000000 0.000000 1.000000
0.991195 0.130738 0.020998 0.000000 -0.129518 0.990234 -0.051591 16.254000 -0.027538 0.048418 0.998448 -0.165600 0.000000 0.000000 0.000000 1.000000
0.990927 0.132032 0.025134 0.000000 -0.130608 0.990084 -0.051719 16.254000 -0.031713 0.047967 0.998345 -0.165600 0.000000 0.000000 0.000000 1.000000
0.990304 0.136449 0.026062 0.000000 -0.135107 0.989681 -0.047735 16.254000 -0.032306 0.043752 0.998520 -0.165600 0.000000 0.000000 0.000000 1.000000
0.989989 0.138925 0.024915 0.000000 -0.137779 0.989531 -0.042958 16.254000 -0.030622 0.039095 0.998766 -0.165600 0.000000 0.000000 0.000000 1.000000
0.990640 0.134447 0.023591 0.000000 -0.133502 0.990325 -0.037874 16.254000 -0.028455 0.034370 0.999004 -0.165600 0.000000 0.000000 0.000000 1.000000
0.991346 0.130214 0.016636 0.000000 -0.129648 0.991061 -0.031449 16.254000 -0.020583 0.029020 0.999367 -0.165600 0.000000 0.000000 0.000000 1.000000
0.991622 0.128914 0.008139 -0.000000 -0.128678 0.991376 -0.024798 16.254000 -0.011265 0.023542 0.999659 -0.165600 0.000000 0.000000 0.000000 1.000000
0.992015 0.126038 0.004646 0.000000 -0.125905 0.991791 -0.022313 16.254000 -0.007420 0.021550 0.999740 -0.165600 0.000000 0.000000 0.000000 1.000000
0.992098 0.125398 0.004166 0.000000 -0.125271 0.991855 -0.023046 16.254000 -0.007022 0.022342 0.999726 -0.165600 0.000000 0.000000 0.000000 1.000000
0.991916 0.126785 0.005332 0.000000 -0.126622 0.991655 -0.024231 16.254000 -0.008359 0.023360 0.999692 -0.165600 0.000000 0.000000 0.000000 1.000000
0.991830 0.127414 0.006161 0.000000 -0.127220 0.991549 -0.025416 16.254000 -0.009348 0.024424 0.999658 -0.165600 0.000000 0.000000 0.000000 1.000000
0.991627 0.129019 0.005504 -0.000000 -0.128829 0.991305 -0.026777 16.254000 -0.008910 0.025844 0.999626 -0.165600 0.000000 0.000000 0.000000 1.000000
0.991439 0.130510 0.003869 0.000000 -0.130344 0.991042 -0.029100 16.254000 -0.007632 0.028346 0.999569 -0.165600 0.000000 0.000000 0.000000 1.000000</float_array><technique_common><accessor source="#arissa_Spine1-Matrix-animation-output-transform-array" count="32" stride="16"><param type="float4x4"/></accessor></technique_common></source><source id="arissa_Spine1-Interpolations"><Name_array id="arissa_Spine1-Interpolations-array" count="32">
 LINEAR LINEAR LINEAR LINEAR LINEAR LINEAR LINEAR LINEAR LINEAR LINEAR LINEAR
LINEAR LINEAR LINEAR LINEAR LINEAR LINEAR LINEAR LINEAR LINEAR LINEAR LINEAR LINEAR
LINEAR LINEAR LINEAR LINEAR LINEAR LINEAR LINEAR LINEAR LINEAR</Name_array><technique_common><accessor source="#arissa_Spine1-Interpolations-array" count="32"><param type="name"/></accessor></technique_common></source><sampler id="arissa_Spine1-Matrix-animation-transform"><input semantic="INPUT" source="#arissa_Spine1-Matrix-animation-input"/><input semantic="OUTPUT" source="#arissa_Spine1-Matrix-animation-output-transform"/><input semantic="INTERPOLATION" source="#arissa_Spine1-Interpolations"/></sampler><channel source="#arissa_Spine1-Matrix-animation-transform" target="arissa_Spine1/matrix"/></animation>
    <animation id="arissa_Spine2-anim" name="arissa_Spine2"><source id="arissa_Spine2-Matrix-animation-input"><float_array id="arissa_Spine2-Matrix-animation-input-array" count="32">

0.000000 0.033333 0.066667 0.100000 0.133333 0.166667 0.200000 0.233333 0.266667 0.300000 0.333333 0.366667 0.400000 0.433333 0.466667 0.500000
0.533333 0.566667 0.600000 0.633333 0.666667 0.700000 0.733333 0.766667 0.800000 0.833333 0.866667 0.900000 0.933333 0.966667 1.000000 1.033333</float_array><technique_common><accessor source="#arissa_Spine2-Matrix-animation-input-array" count="32"><param name="TIME" type="float"/></accessor></technique_common></source><source id="arissa_Spine2-Matrix-animation-output-transform"><float_array id="arissa_Spine2-Matrix-animation-output-transform-array" count="512">

0.996605 0.037369 -0.073364 0.000000 -0.050647 0.980780 -0.188426 13.639600 0.064912 0.191502 0.979343 -1.292300 0.000000 0.000000 0.000000 1.000000
0.996670 0.035458 -0.073430 0.000000 -0.048941 0.980396 -0.190865 13.639600 0.065223 0.193823 0.978866 -1.292300 0.000000 0.000000 0.000000 1.000000
0.996715 0.033730 -0.073632 -0.000000 -0.047499 0.979828 -0.194114 13.639600 0.065599 0.196974 0.978212 -1.292300 0.000000 0.000000 0.000000 1.000000
0.996600 0.034014 -0.075040 -0.000000 -0.048168 0.979472 -0.195741 13.639600 0.066842 0.198691 0.977780 -1.292300 0.000000 0.000000 0.000000 1.000000
0.996402 0.031664 -0.078613 -0.000000 -0.046520 0.979695 -0.195022 13.639600 0.070841 0.197978 0.977643 -1.292300 0.000000 0.000000 0.000000 1.000000
0.996097 0.032068 -0.082233 0.000000 -0.047388 0.980301 -0.191738 13.639600 0.074465 0.194886 0.977995 -1.292300 0.000000 0.000000 0.000000 1.000000
0.995894 0.034057 -0.083878 0.000000 -0.049670 0.980185 -0.191758 13.639600 0.075686 0.195136 0.977851 -1.292300 0.000000 0.000000 0.000000 1.000000
0.995822 0.034551 -0.084530 0.000000 -0.050304 0.980102 -0.192013 13.639600 0.076214 0.195463 0.977745 -1.292300 0.000000 0.000000 0.000000 1.000000
0.996296 0.031300 -0.080096 -0.000000 -0.046400 0.979853 -0.194254 13.639600 0.072403 0.197250 0.977676 -1.292300 0.000000 0.000000 0.000000 1.000000
0.996042 0.041737 -0.078476 -0.000000 -0.055857 0.980699 -0.187375 13.639600 0.069141 0.191017 0.979149 -1.292300 0.000000 0.000000 0.000000 1.000000
0.995684 0.050024 -0.078177 0.000000 -0.063840 0.980539 -0.185653 13.639600 0.067368 0.189843 0.979501 -1.292300 0.000000 0.000000 0.000000 1.000000
0.995892 0.049984 -0.075502 0.000000 -0.063545 0.979819 -0.189517 13.639600 0.064505 0.193536 0.978970 -1.292300 0.000000 0.000000 0.000000 1.000000
0.996403 0.044376 -0.072195 0.000000 -0.057557 0.979666 -0.192201 13.639600 0.062198 0.195664 0.978697 -1.292300 0.000000 0.000000 0.000000 1.000000
0.996686 0.041660 -0.069862 0.000000 -0.054476 0.979692 -0.192967 13.639600 0.060404 0.196133 0.978715 -1.292300 0.000000 0.000000 0.000000 1.000000
0.996845 0.040412 -0.068319 0.000000 -0.053003 0.979583 -0.193926 13.639600 0.059087 0.196935 0.978634 -1.292300 0.000000 0.000000 0.000000 1.000000
0.997009 0.039945 -0.066155 0.000000 -0.052263 0.979122 -0.196440 13.639600 0.056927 0.199310 0.978282 -1.292300 0.000000 0.000000 0.000000 1.000000
0.997056 0.041507 -0.064473 0.000000 -0.053638 0.978406 -0.199612 13.639600 0.054796 0.202482 0.977752 -1.292300 0.000000 0.000000 0.000000 1.000000
0.997113 0.041249 -0.063745 -0.000000 -0.053439 0.977665 -0.203262 13.639600 0.053937 0.206082 0.977047 -1.292300 0.000000 0.000000 0.000000 1.000000
0.997209 0.042239 -0.061566 0.000000 -0.054187 0.976715 -0.207586 13.639600 0.051365 0.210343 0.976277 -1.292300 0.000000 0.000000 0.000000 1.000000
0.997518 0.041466 -0.056903 0.000000 -0.052597 0.976132 -0.210715 13.639600 0.046807 0.213185 0.975890 -1.292300 0.000000 0.000000 0.000000 1.000000
0.997626 0.043658 -0.053252 0.000000 -0.053970 0.976019 -0.210887 13.639600 0.042768 0.213260 0.976059 -1.292300 0.000000 0.000000 0.000000 1.000000
0.997400 0.048253 -0.053518 0.000000 -0.058352 0.976612 -0.206941 13.639600 0.042281 0.209526 0.976889 -1.292300 0.000000 0.000000 0.000000 1.000000
0.997185 0.050556 -0.055379 -0.000000 -0.060791 0.977429 -0.202330 13.639600 0.043900 0.205127 0.977750 -1.292300 0.000000 0.000000 0.000000 1.000000
0.997388 0.046088 -0.055615 0.000000 -0.056244 0.978656 -0.197661 13.639600 0.045318 0.200273 0.978692 -1.292300 0.000000 0.000000 0.000000 1.000000
0.997304 0.040402 -0.061253 0.000000 -0.051458 0.980184 -0.191290 13.639600 0.052311 0.193927 0.979620 -1.292300 0.000000 0.000000 0.000000 1.000000
0.996927 0.037088 -0.069002 -0.000000 -0.049291 0.981585 -0.184555 13.639600 0.060887 0.187389 0.980397 -1.292300 0.000000 0.000000 0.000000 1.000000
0.996885 0.033447 -0.071431 0.000000 -0.046008 0.982188 -0.182181 13.639600 0.064065 0.184900 0.980667 -1.292300 0.000000 0.000000 0.000000 1.000000
0.996890 0.032682 -0.071706 0.000000 -0.045353 0.982084 -0.182903 13.639600 0.064443 0.185586 0.980513 -1.292300 0.000000 0.000000 0.000000 1.000000
0.996884 0.034312 -0.071021 -0.000000 -0.046900 0.981810 -0.183980 13.639600 0.063416 0.186738 0.980361 -1.292300 0.000000 0.000000 0.000000 1.000000
0.996900 0.035105 -0.070412 0.000000 -0.047638 0.981566 -0.185091 13.639600 0.062616 0.187872 0.980196 -1.292300 0.000000 0.000000 0.000000 1.000000
0.996777 0.036425 -0.071473 -0.000000 -0.049216 0.981261 -0.186293 13.639600 0.063348 0.189210 0.979891 -1.292300 0.000000 0.000000 0.000000 1.000000
0.996605 0.037369 -0.073364 0.000000 -0.050647 0.980780 -0.188427 13.639600 0.064912 0.191503 0.979343 -1.292300 0.000000 0.000000 0.000000 1.000000</float_array><technique_common><accessor source="#arissa_Spine2-Matrix-animation-output-transform-array" count="32" stride="16"><param type="float4x4"/></accessor></technique_common></source><source id="arissa_Spine2-Interpolations"><Name_array id="arissa_Spine2-Interpolations-array" count="32">
 LINEAR LINEAR LINEAR LINEAR LINEAR LINEAR LINEAR LINEAR LINEAR LINEAR LINEAR
LINEAR LINEAR LINEAR LINEAR LINEAR LINEAR LINEAR LINEAR LINEAR LINEAR LINEAR LINEAR
LINEAR LINEAR LINEAR LINEAR LINEAR LINEAR LINEAR LINEAR LINEAR</Name_array><technique_common><accessor source="#arissa_Spine2-Interpolations-array" count="32"><param type="name"/></accessor></technique_common></source><sampler id="arissa_Spine2-Matrix-animation-transform"><input semantic="INPUT" source="#arissa_Spine2-Matrix-animation-input"/><input semantic="OUTPUT" source="#arissa_Spine2-Matrix-animation-output-transform"/><input semantic="INTERPOLATION" source="#arissa_Spine2-Interpolations"/></sampler><channel source="#arissa_Spine2-Matrix-animation-transform" target="arissa_Spine2/matrix"/></animation>
    <animation id="arissa_Neck-anim" name="arissa_Neck"><source id="arissa_Neck-Matrix-animation-input"><float_array id="arissa_Neck-Matrix-animation-input-array" count="32">

0.000000 0.033333 0.066667 0.100000 0.133333 0.166667 0.200000 0.233333 0.266667 0.300000 0.333333 0.366667 0.400000 0.433333 0.466667 0.500000
0.533333 0.566667 0.600000 0.633333 0.666667 0.700000 0.733333 0.766667 0.800000 0.833333 0.866667 0.900000 0.933333 0.966667 1.000000 1.033333</float_array><technique_common><accessor source="#arissa_Neck-Matrix-animation-input-array" count="32"><param name="TIME" type="float"/></accessor></technique_common></source><source id="arissa_Neck-Matrix-animation-output-transform"><float_array id="arissa_Neck-Matrix-animation-output-transform-array" count="512">

0.997845 -0.005205 0.065402 0.000000 0.005443 0.999979 -0.003458 13.877400 -0.065383 0.003807 0.997853 -4.354200 0.000000 0.000000 0.000000 1.000000
0.997909 -0.005185 0.064427 -0.000000 0.005277 0.999985 -0.001258 13.877400 -0.064420 0.001595 0.997922 -4.354200 0.000000 0.000000 0.000000 1.000000
0.997907 -0.004665 0.064499 0.000000 0.004581 0.999988 0.001440 13.877400 -0.064505 -0.001142 0.997917 -4.354200 0.000000 0.000000 0.000000 1.000000
0.997946 -0.009315 0.063377 0.000000 0.009129 0.999953 0.003225 13.877400 -0.063404 -0.002640 0.997984 -4.354200 0.000000 0.000000 0.000000 1.000000
0.997935 -0.013219 0.062856 0.000000 0.013131 0.999912 0.001818 13.877400 -0.062874 -0.000988 0.998021 -4.354200 0.000000 0.000000 0.000000 1.000000
0.997923 -0.014109 0.062860 0.000000 0.014125 0.999900 0.000196 13.877400 -0.062857 0.000692 0.998022 -4.354200 0.000000 0.000000 0.000000 1.000000
0.997945 -0.012300 0.062878 -0.000000 0.012317 0.999924 0.000127 13.877400 -0.062875 0.000648 0.998021 -4.354200 0.000000 0.000000 0.000000 1.000000
0.997959 -0.009711 0.063117 -0.000000 0.009749 0.999952 -0.000302 13.877400 -0.063111 0.000917 0.998006 -4.354200 0.000000 0.000000 0.000000 1.000000
0.997939 -0.004395 0.064019 0.000000 0.004260 0.999988 0.002249 13.877400 -0.064028 -0.001972 0.997946 -4.354200 0.000000 0.000000 0.000000 1.000000
0.997823 -0.000998 0.065938 0.000000 0.000887 0.999998 0.001703 13.877400 -0.065940 -0.001641 0.997822 -4.354200 0.000000 0.000000 0.000000 1.000000
0.997622 0.000463 0.068924 0.000000 -0.000326 0.999998 -0.002000 13.877400 -0.068924 0.001972 0.997620 -4.354200 0.000000 0.000000 0.000000 1.000000
0.997524 0.000346 0.070321 0.000000 -0.000041 0.999991 -0.004345 13.877400 -0.070322 0.004331 0.997515 -4.354200 0.000000 0.000000 0.000000 1.000000
0.997491 0.001905 0.070770 0.000000 -0.001532 0.999985 -0.005322 13.877400 -0.070779 0.005200 0.997478 -4.354200 0.000000 0.000000 0.000000 1.000000
0.997502 0.001578 0.070622 0.000000 -0.001250 0.999988 -0.004694 13.877400 -0.070629 0.004594 0.997492 -4.354200 0.000000 0.000000 0.000000 1.000000
0.997524 0.002154 0.070292 -0.000000 -0.001892 0.999991 -0.003796 13.877400 -0.070300 0.003654 0.997519 -4.354200 0.000000 0.000000 0.000000 1.000000
0.997555 0.002999 0.069822 0.000000 -0.002818 0.999992 -0.002694 13.877400 -0.069829 0.002490 0.997556 -4.354200 0.000000 0.000000 0.000000 1.000000
0.997564 0.003214 0.069689 -0.000000 -0.003058 0.999993 -0.002348 13.877400 -0.069696 0.002129 0.997566 -4.354200 0.000000 0.000000 0.000000 1.000000
0.997451 0.006030 0.071098 0.000000 -0.005890 0.999980 -0.002172 13.877400 -0.071110 0.001748 0.997467 -4.354200 0.000000 0.000000 0.000000 1.000000
0.997317 0.009402 0.072593 -0.000000 -0.009265 0.999955 -0.002227 13.877400 -0.072610 0.001549 0.997359 -4.354200 0.000000 0.000000 0.000000 1.000000
0.997076 0.014348 0.075061 0.000000 -0.014168 0.999895 -0.002930 13.877400 -0.075095 0.001858 0.997175 -4.354200 0.000000 0.000000 0.000000 1.000000
0.996852 0.015764 0.077696 0.000000 -0.015629 0.999875 -0.002347 13.877400 -0.077723 0.001125 0.996974 -4.354200 0.000000 0.000000 0.000000 1.000000
0.996803 0.014835 0.078512 0.000000 -0.014728 0.999890 -0.001934 13.877400 -0.078532 0.000771 0.996911 -4.354200 0.000000 0.000000 0.000000 1.000000
0.996926 0.010770 0.077606 0.000000 -0.010676 0.999942 -0.001621 13.877400 -0.077619 0.000788 0.996983 -4.354200 0.000000 0.000000 0.000000 1.000000
0.997031 0.008296 0.076547 0.000000 -0.008232 0.999965 -0.001147 13.877400 -0.076554 0.000513 0.997065 -4.354200 0.000000 0.000000 0.000000 1.000000
0.997187 0.006233 0.074701 -0.000000 -0.006240 0.999981 -0.000145 13.877400 -0.074700 -0.000321 0.997206 -4.354200 0.000000 0.000000 0.000000 1.000000
0.997428 0.003047 0.071615 -0.000000 -0.002949 0.999995 -0.001476 13.877400 -0.071619 0.001261 0.997431 -4.354200 0.000000 0.000000 0.000000 1.000000
0.997549 0.001952 0.069944 -0.000000 -0.001544 0.999981 -0.005891 13.877400 -0.069954 0.005769 0.997534 -4.354200 0.000000 0.000000 0.000000 1.000000
0.997511 0.003705 0.070415 0.000000 -0.003014 0.999946 -0.009906 13.877400 -0.070447 0.009669 0.997469 -4.354200 0.000000 0.000000 0.000000 1.000000
0.997525 0.003825 0.070205 0.000000 -0.003082 0.999938 -0.010698 13.877400 -0.070242 0.010455 0.997475 -4.354200 0.000000 0.000000 0.000000 1.000000
0.997599 0.003439 0.069177 0.000000 -0.002812 0.999954 -0.009169 13.877400 -0.069205 0.008953 0.997562 -4.354200 0.000000 0.000000 0.000000 1.000000
0.997701 0.000978 0.067765 0.000000 -0.000545 0.999979 -0.006413 13.877400 -0.067770 0.006362 0.997681 -4.354200 0.000000 0.000000 0.000000 1.000000
0.997845 -0.005205 0.065402 0.000000 0.005443 0.999979 -0.003458 13.877400 -0.065383 0.003807 0.997853 -4.354200 0.000000 0.000000 0.000000 1.000000</float_array><technique_common><accessor source="#arissa_Neck-Matrix-animation-output-transform-array" count="32" stride="16"><param type="float4x4"/></accessor></technique_common></source><source id="arissa_Neck-Interpolations"><Name_array id="arissa_Neck-Interpolations-array" count="32">
 LINEAR LINEAR LINEAR LINEAR LINEAR LINEAR LINEAR LINEAR LINEAR LINEAR LINEAR
LINEAR LINEAR LINEAR LINEAR LINEAR LINEAR LINEAR LINEAR LINEAR LINEAR LINEAR LINEAR
LINEAR LINEAR LINEAR LINEAR LINEAR LINEAR LINEAR LINEAR LINEAR</Name_array><technique_common><accessor source="#arissa_Neck-Interpolations-array" count="32"><param type="name"/></accessor></technique_common></source><sampler id="arissa_Neck-Matrix-animation-transform"><input semantic="INPUT" source="#arissa_Neck-Matrix-animation-input"/><input semantic="OUTPUT" source="#arissa_Neck-Matrix-animation-output-transform"/><input semantic="INTERPOLATION" source="#arissa_Neck-Interpolations"/></sampler><channel source="#arissa_Neck-Matrix-animation-transform" target="arissa_Neck/matrix"/></animation>
    <animation id="arissa_Neck1-anim" name="arissa_Neck1"><source id="arissa_Neck1-Matrix-animation-input"><float_array id="arissa_Neck1-Matrix-animation-input-array" count="32">

0.000000 0.033333 0.066667 0.100000 0.133333 0.166667 0.200000 0.233333 0.266667 0.300000 0.333333 0.366667 0.400000 0.433333 0.466667 0.500000
0.533333 0.566667 0.600000 0.633333 0.666667 0.700000 0.733333 0.766667 0.800000 0.833333 0.866667 0.900000 0.933333 0.966667 1.000000 1.033333</float_array><technique_common><accessor source="#arissa_Neck1-Matrix-animation-input-array" count="32"><param name="TIME" type="float"/></accessor></technique_common></source><source id="arissa_Neck1-Matrix-animation-output-transform"><float_array id="arissa_Neck1-Matrix-animation-output-transform-array" count="512">

0.997845 -0.005205 0.065402 0.000000 0.005443 0.999979 -0.003458 4.340000 -0.065382 0.003807 0.997853 0.926900 0.000000 0.000000 0.000000 1.000000
0.997909 -0.005185 0.064428 -0.000000 0.005277 0.999985 -0.001258 4.340000 -0.064420 0.001595 0.997922 0.926900 0.000000 0.000000 0.000000 1.000000
0.997907 -0.004665 0.064499 0.000000 0.004581 0.999988 0.001441 4.340000 -0.064505 -0.001142 0.997917 0.926900 0.000000 0.000000 0.000000 1.000000
0.997946 -0.009315 0.063377 0.000000 0.009129 0.999953 0.003223 4.340000 -0.063404 -0.002638 0.997984 0.926900 0.000000 0.000000 0.000000 1.000000
0.997935 -0.013220 0.062855 -0.000000 0.013131 0.999912 0.001820 4.340000 -0.062874 -0.000990 0.998021 0.926900 0.000000 0.000000 0.000000 1.000000
0.997923 -0.014109 0.062860 0.000000 0.014125 0.999900 0.000196 4.340000 -0.062857 0.000692 0.998022 0.926900 0.000000 0.000000 0.000000 1.000000
0.997945 -0.012301 0.062878 0.000000 0.012317 0.999924 0.000128 4.340000 -0.062875 0.000647 0.998021 0.926900 0.000000 0.000000 0.000000 1.000000
0.997959 -0.009710 0.063117 0.000000 0.009749 0.999952 -0.000304 4.340000 -0.063111 0.000919 0.998006 0.926900 0.000000 0.000000 0.000000 1.000000
0.997939 -0.004395 0.064019 -0.000000 0.004259 0.999988 0.002249 4.340000 -0.064028 -0.001972 0.997946 0.926900 0.000000 0.000000 0.000000 1.000000
0.997823 -0.000998 0.065938 -0.000000 0.000887 0.999998 0.001703 4.340000 -0.065940 -0.001641 0.997822 0.926900 0.000000 0.000000 0.000000 1.000000
0.997622 0.000463 0.068924 0.000000 -0.000326 0.999998 -0.001999 4.340000 -0.068925 0.001972 0.997620 0.926900 0.000000 0.000000 0.000000 1.000000
0.997524 0.000347 0.070321 0.000000 -0.000041 0.999991 -0.004345 4.340000 -0.070322 0.004331 0.997515 0.926900 0.000000 0.000000 0.000000 1.000000
0.997491 0.001905 0.070770 0.000000 -0.001532 0.999985 -0.005322 4.340000 -0.070779 0.005200 0.997478 0.926900 0.000000 0.000000 0.000000 1.000000
0.997502 0.001578 0.070622 0.000000 -0.001250 0.999988 -0.004694 4.340000 -0.070629 0.004594 0.997492 0.926900 0.000000 0.000000 0.000000 1.000000
0.997524 0.002154 0.070292 -0.000000 -0.001892 0.999991 -0.003797 4.340000 -0.070299 0.003654 0.997519 0.926900 0.000000 0.000000 0.000000 1.000000
0.997555 0.002999 0.069822 0.000000 -0.002818 0.999992 -0.002693 4.340000 -0.069830 0.002490 0.997556 0.926900 0.000000 0.000000 0.000000 1.000000
0.997564 0.003214 0.069689 0.000000 -0.003058 0.999993 -0.002348 4.340000 -0.069696 0.002129 0.997566 0.926900 0.000000 0.000000 0.000000 1.000000
0.997451 0.006028 0.071098 0.000000 -0.005889 0.999980 -0.002173 4.340000 -0.071110 0.001749 0.997467 0.926900 0.000000 0.000000 0.000000 1.000000
0.997317 0.009403 0.072592 0.000000 -0.009265 0.999955 -0.002228 4.340000 -0.072610 0.001550 0.997359 0.926900 0.000000 0.000000 0.000000 1.000000
0.997076 0.014348 0.075061 0.000000 -0.014168 0.999895 -0.002930 4.340000 -0.075095 0.001858 0.997175 0.926900 0.000000 0.000000 0.000000 1.000000
0.996853 0.015763 0.077695 0.000000 -0.015628 0.999875 -0.002345 4.340000 -0.077723 0.001123 0.996974 0.926900 0.000000 0.000000 0.000000 1.000000
0.996803 0.014835 0.078512 0.000000 -0.014728 0.999890 -0.001934 4.340000 -0.078532 0.000771 0.996911 0.926900 0.000000 0.000000 0.000000 1.000000
0.996926 0.010769 0.077606 -0.000000 -0.010676 0.999942 -0.001621 4.340000 -0.077619 0.000787 0.996983 0.926900 0.000000 0.000000 0.000000 1.000000
0.997032 0.008294 0.076547 0.000000 -0.008231 0.999965 -0.001146 4.340000 -0.076554 0.000513 0.997065 0.926900 0.000000 0.000000 0.000000 1.000000
0.997187 0.006233 0.074701 -0.000000 -0.006239 0.999981 -0.000145 4.340000 -0.074700 -0.000322 0.997206 0.926900 0.000000 0.000000 0.000000 1.000000
0.997428 0.003047 0.071615 0.000000 -0.002949 0.999995 -0.001477 4.340000 -0.071619 0.001262 0.997431 0.926900 0.000000 0.000000 0.000000 1.000000
0.997549 0.001952 0.069944 -0.000000 -0.001544 0.999981 -0.005891 4.340000 -0.069954 0.005769 0.997534 0.926900 0.000000 0.000000 0.000000 1.000000
0.997511 0.003705 0.070415 0.000000 -0.003015 0.999946 -0.009906 4.340000 -0.070448 0.009669 0.997469 0.926900 0.000000 0.000000 0.000000 1.000000
0.997525 0.003826 0.070205 0.000000 -0.003082 0.999938 -0.010700 4.340000 -0.070242 0.010457 0.997475 0.926900 0.000000 0.000000 0.000000 1.000000
0.997599 0.003439 0.069176 0.000000 -0.002812 0.999954 -0.009169 4.340000 -0.069205 0.008953 0.997562 0.926900 0.000000 0.000000 0.000000 1.000000
0.997701 0.000978 0.067765 -0.000000 -0.000545 0.999979 -0.006414 4.340000 -0.067770 0.006362 0.997681 0.926900 0.000000 0.000000 0.000000 1.000000
0.997845 -0.005205 0.065402 0.000000 0.005443 0.999979 -0.003458 4.340000 -0.065382 0.003807 0.997853 0.926900 0.000000 0.000000 0.000000 1.000000</float_array><technique_common><accessor source="#arissa_Neck1-Matrix-animation-output-transform-array" count="32" stride="16"><param type="float4x4"/></accessor></technique_common></source><source id="arissa_Neck1-Interpolations"><Name_array id="arissa_Neck1-Interpolations-array" count="32">
 LINEAR LINEAR LINEAR LINEAR LINEAR LINEAR LINEAR LINEAR LINEAR LINEAR LINEAR
LINEAR LINEAR LINEAR LINEAR LINEAR LINEAR LINEAR LINEAR LINEAR LINEAR LINEAR LINEAR
