<?xml version="1.0" encoding="utf-8"?>
<COLLADA xmlns="http://www.collada.org/2005/11/COLLADASchema" version="1.4.1">
  <asset><contributor><author>Mixamo</author><authoring_tool>COLLADA Mixamo exporter</authoring_tool><comments></comments></contributor><created>2018-12-12T01:47:19Z</created><modified>2018-12-12T01:47:19Z</modified><revision></revision><title></title><unit meter="0.010000"/><up_axis>Y_UP</up_axis></asset>
  <library_animations>
    <animation id="arissa_Hips-anim" name="arissa_Hips"><source id="arissa_Hips-Matrix-animation-input"><float_array id="arissa_Hips-Matrix-animation-input-array" count="61">

0.000000 0.033333 0.066667 0.100000 0.133333 0.166667 0.200000 0.233333 0.266667 0.300000 0.333333 0.366667 0.400000 0.433333 0.466667 0.500000
0.533333 0.566667 0.600000 0.633333 0.666667 0.700000 0.733333 0.766667 0.800000 0.833333 0.866667 0.900000 0.933333 0.966667 1.000000 1.033333
1.066667 1.100000 1.133333 1.166667 1.200000 1.233333 1.266667 1.300000 1.333333 1.366667 1.400000 1.433333 1.466667 1.500000 1.533333 1.566667
1.600000 1.633333 1.666667 1.700000 1.733333 1.766667 1.800000 1.833333 1.866667 1.900000 1.933333 1.966667 2.000000</float_array><technique_common><accessor source="#arissa_Hips-Matrix-animation-input-array" count="61"><param name="TIME" type="float"/></accessor></technique_common></source><source id="arissa_Hips-Matrix-animation-output-transform"><float_array id="arissa_Hips-Matrix-animation-output-transform-array" count="976">

0.855803 0.094211 -0.508650 0.007258 0.024358 0.974847 0.221541 92.834343 0.516728 -0.201985 0.831982 -0.026789 0.000000 0.000000 0.000000 1.000000
0.855811 0.094082 -0.508660 0.163984 0.024364 0.974899 0.221309 92.834221 0.516714 -0.201792 0.832038 -0.054922 0.000000 0.000000 0.000000 1.000000
0.855904 0.093913 -0.508535 0.159241 0.024388 0.974948 0.221094 92.829498 0.516559 -0.201637 0.832171 -0.068124 0.000000 0.000000 0.000000 1.000000
0.856000 0.093597 -0.508433 0.154399 0.024661 0.974962 0.220999 92.827644 0.516388 -0.201713 0.832259 -0.089608 0.000000 0.000000 0.000000 1.000000
0.856300 0.093229 -0.507994 0.144472 0.024604 0.975093 0.220427 92.823898 0.515892 -0.201250 0.832679 -0.106060 0.000000 0.000000 0.000000 1.000000
0.856682 0.092868 -0.507417 0.133853 0.024608 0.975184 0.220025 92.826447 0.515258 -0.200978 0.833137 -0.094214 0.000000 0.000000 0.000000 1.000000
0.857273 0.092548 -0.506476 0.121545 0.024647 0.975207 0.219916 92.826668 0.514272 -0.201011 0.833738 -0.056478 0.000000 0.000000 0.000000 1.000000
0.857350 0.092164 -0.506415 0.119638 0.024761 0.975316 0.219421 92.810966 0.514138 -0.200660 0.833905 -0.037725 0.000000 0.000000 0.000000 1.000000
0.856081 0.091656 -0.508649 0.123168 0.025359 0.975515 0.218464 92.763458 0.516219 -0.199922 0.832796 -0.077580 0.000000 0.000000 0.000000 1.000000
0.852969 0.090900 -0.513985 0.122377 0.026420 0.975938 0.216443 92.665161 0.521292 -0.198199 0.830043 -0.181381 0.000000 0.000000 0.000000 1.000000
0.848074 0.090134 -0.522155 0.093709 0.028486 0.976246 0.214785 92.499405 0.529111 -0.197028 0.825362 -0.340908 0.000000 0.000000 0.000000 1.000000
0.842451 0.088168 -0.531511 0.001539 0.032648 0.976352 0.213707 92.278442 0.537783 -0.197391 0.819650 -0.549668 0.000000 0.000000 0.000000 1.000000
0.836163 0.085283 -0.541810 -0.172555 0.038619 0.976232 0.213262 92.041695 0.547120 -0.199245 0.812995 -0.802715 0.000000 0.000000 0.000000 1.000000
0.828134 0.083121 -0.554332 -0.465898 0.045327 0.975774 0.214032 91.795753 0.558694 -0.202374 0.804305 -1.095672 0.000000 0.000000 0.000000 1.000000
0.818100 0.081613 -0.569255 -0.897930 0.053571 0.974758 0.216739 91.590271 0.572575 -0.207810 0.793078 -1.422772 0.000000 0.000000 0.000000 1.000000
0.803308 0.089104 -0.588860 -1.351818 0.055210 0.973345 0.222599 91.429260 0.592999 -0.211327 0.776977 -1.770676 0.000000 0.000000 0.000000 1.000000
0.786319 0.099916 -0.609688 -1.888871 0.054566 0.971748 0.229625 91.306267 0.615407 -0.213826 0.758652 -2.112944 0.000000 0.000000 0.000000 1.000000
0.767395 0.113091 -0.631122 -2.556671 0.052433 0.969956 0.237562 91.187935 0.639027 -0.215396 0.738410 -2.420903 0.000000 0.000000 0.000000 1.000000
0.746888 0.127769 -0.652559 -3.471363 0.049451 0.967976 0.246125 90.983665 0.663109 -0.216098 0.716651 -2.649899 0.000000 0.000000 0.000000 1.000000
0.725256 0.143124 -0.673438 -4.086911 0.046171 0.965840 0.254991 90.697731 0.686929 -0.216027 0.693873 -2.788139 0.000000 0.000000 0.000000 1.000000
0.703046 0.158399 -0.693279 -4.415440 0.043024 0.963618 0.263796 90.407722 0.709841 -0.215289 0.670653 -2.809304 0.000000 0.000000 0.000000 1.000000
0.680859 0.172382 -0.711840 -4.494691 0.041109 0.961381 0.272132 90.252998 0.731260 -0.214547 0.647479 -2.716945 0.000000 0.000000 0.000000 1.000000
0.650905 0.184133 -0.736490 -4.469743 0.036633 0.961391 0.272737 90.225052 0.758275 -0.204506 0.619028 -2.514559 0.000000 0.000000 0.000000 1.000000
0.608665 0.194457 -0.769229 -4.407140 0.033837 0.962258 0.270028 90.175240 0.792705 -0.190385 0.579113 -2.267371 0.000000 0.000000 0.000000 1.000000
0.557867 0.203295 -0.804646 -4.288363 0.031772 0.963592 0.265481 90.165421 0.829322 -0.173668 0.531097 -1.985449 0.000000 0.000000 0.000000 1.000000
0.503145 0.211002 -0.838047 -4.096058 0.029375 0.964999 0.260602 90.120903 0.863702 -0.155738 0.479337 -1.654415 0.000000 0.000000 0.000000 1.000000
0.450056 0.218253 -0.865919 -3.816540 0.025826 0.966087 0.256923 89.998405 0.892627 -0.137993 0.429156 -1.240645 0.000000 0.000000 0.000000 1.000000
0.402876 0.221779 -0.887978 -3.452555 0.029125 0.966600 0.254629 89.849236 0.914791 -0.128446 0.382960 -0.821104 0.000000 0.000000 0.000000 1.000000
0.358612 0.224478 -0.906094 -2.873941 0.032008 0.967128 0.252267 89.725739 0.932938 -0.119469 0.339639 -0.420150 0.000000 0.000000 0.000000 1.000000
0.317459 0.226505 -0.920823 -2.101069 0.034411 0.967662 0.249890 89.583923 0.947648 -0.111016 0.299398 -0.002683 0.000000 0.000000 0.000000 1.000000
0.279511 0.227937 -0.932694 -1.317874 0.036461 0.968192 0.247539 89.741211 0.959450 -0.103196 0.262309 0.353329 0.000000 0.000000 0.000000 1.000000
0.244779 0.228899 -0.942172 -0.710103 0.038106 0.968712 0.245246 90.011093 0.968830 -0.095933 0.228398 0.636229 0.000000 0.000000 0.000000 1.000000
0.213228 0.229476 -0.949671 -0.404938 0.039362 0.969218 0.243038 90.308510 0.976209 -0.089204 0.197632 0.834227 0.000000 0.000000 0.000000 1.000000
0.184792 0.229734 -0.955549 -0.254107 0.040298 0.969705 0.240931 90.648178 0.981951 -0.083029 0.169936 0.948829 0.000000 0.000000 0.000000 1.000000
0.159362 0.229733 -0.960118 -0.183309 0.040977 0.970170 0.238939 91.021370 0.986369 -0.077421 0.145194 1.015915 0.000000 0.000000 0.000000 1.000000
0.136843 0.229557 -0.963627 -0.128792 0.041206 0.970617 0.237074 91.356224 0.989735 -0.072149 0.123363 1.050216 0.000000 0.000000 0.000000 1.000000
0.117073 0.229236 -0.966305 -0.094239 0.041085 0.971045 0.235338 91.524681 0.992273 -0.067252 0.104264 1.042449 0.000000 0.000000 0.000000 1.000000
0.099908 0.230306 -0.967976 -0.083080 0.041515 0.971031 0.235318 91.656166 0.994130 -0.063696 0.087452 1.005931 0.000000 0.000000 0.000000 1.000000
0.085194 0.230025 -0.969448 -0.083327 0.040696 0.971371 0.234058 91.799080 0.995533 -0.059393 0.073394 0.956883 0.000000 0.000000 0.000000 1.000000
0.072741 0.229649 -0.970551 -0.086996 0.040094 0.971669 0.232918 91.921562 0.996545 -0.055856 0.061473 0.880558 0.000000 0.000000 0.000000 1.000000
0.062399 0.229221 -0.971372 -0.095018 0.039582 0.971935 0.231896 92.031715 0.997266 -0.052919 0.051575 0.780846 0.000000 0.000000 0.000000 1.000000
0.054025 0.228776 -0.971979 -0.109184 0.038952 0.972177 0.230988 92.139320 0.997780 -0.050340 0.043611 0.663401 0.000000 0.000000 0.000000 1.000000
0.047467 0.228326 -0.972427 -0.129040 0.038220 0.972396 0.230185 92.241089 0.998141 -0.048092 0.037430 0.532194 0.000000 0.000000 0.000000 1.000000
0.042574 0.227882 -0.972757 -0.153343 0.037401 0.972594 0.229481 92.333710 0.998393 -0.046152 0.032884 0.393759 0.000000 0.000000 0.000000 1.000000
0.039196 0.227450 -0.973001 -0.180232 0.036509 0.972773 0.228868 92.414841 0.998564 -0.044494 0.029825 0.255700 0.000000 0.000000 0.000000 1.000000
0.037187 0.227036 -0.973176 -0.184828 0.035545 0.972933 0.228338 92.483261 0.998676 -0.043083 0.028111 0.185577 0.000000 0.000000 0.000000 1.000000
0.036398 0.226644 -0.973297 -0.184910 0.034535 0.973076 0.227884 92.539864 0.998740 -0.041908 0.027591 0.129263 0.000000 0.000000 0.000000 1.000000
0.036681 0.226277 -0.973372 -0.180943 0.033494 0.973202 0.227499 92.585991 0.998766 -0.040947 0.028119 0.085327 0.000000 0.000000 0.000000 1.000000
0.037890 0.225933 -0.973406 -0.173395 0.032436 0.973314 0.227175 92.623360 0.998755 -0.040181 0.029550 0.052344 0.000000 0.000000 0.000000 1.000000
0.039877 0.225618 -0.973399 -0.162732 0.031377 0.973411 0.226906 92.653511 0.998712 -0.039591 0.031738 0.028882 0.000000 0.000000 0.000000 1.000000
0.042492 0.225330 -0.973356 -0.149417 0.030331 0.973495 0.226686 92.677788 0.998636 -0.039155 0.034532 0.013513 0.000000 0.000000 0.000000 1.000000
0.045587 0.225067 -0.973276 -0.133920 0.029313 0.973568 0.226508 92.697289 0.998530 -0.038856 0.037785 0.004793 0.000000 0.000000 0.000000 1.000000
0.049011 0.224833 -0.973164 -0.116705 0.028339 0.973630 0.226367 92.712860 0.998396 -0.038673 0.041347 0.001307 0.000000 0.000000 0.000000 1.000000
0.052612 0.224624 -0.973024 -0.098239 0.027422 0.973681 0.226259 92.725288 0.998238 -0.038586 0.045067 0.001620 0.000000 0.000000 0.000000 1.000000
0.056236 0.224443 -0.972863 -0.078987 0.026578 0.973723 0.226178 92.735008 0.998064 -0.038576 0.048793 0.004303 0.000000 0.000000 0.000000 1.000000
0.059731 0.224347 -0.972677 -0.059430 0.025823 0.973744 0.226178 92.742531 0.997880 -0.038627 0.052369 0.007927 0.000000 0.000000 0.000000 1.000000
0.062939 0.224258 -0.972495 -0.039991 0.025172 0.973761 0.226178 92.748169 0.997700 -0.038715 0.055643 0.011056 0.000000 0.000000 0.000000 1.000000
0.065706 0.224181 -0.972330 -0.021163 0.024640 0.973774 0.226179 92.752243 0.997535 -0.038820 0.058459 0.012283 0.000000 0.000000 0.000000 1.000000
0.067875 0.224121 -0.972195 -0.003408 0.024243 0.973784 0.226180 92.754959 0.997399 -0.038921 0.060662 0.010164 0.000000 0.000000 0.000000 1.000000
0.069291 0.224080 -0.972104 0.012817 0.023997 0.973790 0.226179 92.756485 0.997308 -0.039000 0.062097 0.003275 0.000000 0.000000 0.000000 1.000000
0.069797 0.224066 -0.972071 0.027005 0.023915 0.973792 0.226180 92.757072 0.997275 -0.039034 0.062609 -0.009783 0.000000 0.000000 0.000000 1.000000</float_array><technique_common><accessor source="#arissa_Hips-Matrix-animation-output-transform-array" count="61" stride="16"><param type="float4x4"/></accessor></technique_common></source><source id="arissa_Hips-Interpolations"><Name_array id="arissa_Hips-Interpolations-array" count="61">
 LINEAR LINEAR LINEAR LINEAR LINEAR LINEAR LINEAR LINEAR LINEAR LINEAR LINEAR
LINEAR LINEAR LINEAR LINEAR LINEAR LINEAR LINEAR LINEAR LINEAR LINEAR LINEAR LINEAR
LINEAR LINEAR LINEAR LINEAR LINEAR LINEAR LINEAR LINEAR LINEAR LINEAR LINEAR LINEAR
LINEAR LINEAR LINEAR LINEAR LINEAR LINEAR LINEAR LINEAR LINEAR LINEAR LINEAR LINEAR
LINEAR LINEAR LINEAR LINEAR LINEAR LINEAR LINEAR LINEAR LINEAR LINEAR LINEAR LINEAR
LINEAR LINEAR</Name_array><technique_common><accessor source="#arissa_Hips-Interpolations-array" count="61"><param type="name"/></accessor></technique_common></source><sampler id="arissa_Hips-Matrix-animation-transform"><input semantic="INPUT" source="#arissa_Hips-Matrix-animation-input"/><input semantic="OUTPUT" source="#arissa_Hips-Matrix-animation-output-transform"/><input semantic="INTERPOLATION" source="#arissa_Hips-Interpolations"/></sampler><channel source="#arissa_Hips-Matrix-animation-transform" target="arissa_Hips/matrix"/></animation>
    <animation id="arissa_Spine-anim" name="arissa_Spine"><source id="arissa_Spine-Matrix-animation-input"><float_array id="arissa_Spine-Matrix-animation-input-array" count="61">

0.000000 0.033333 0.066667 0.100000 0.133333 0.166667 0.200000 0.233333 0.266667 0.300000 0.333333 0.366667 0.400000 0.433333 0.466667 0.500000
0.533333 0.566667 0.600000 0.633333 0.666667 0.700000 0.733333 0.766667 0.800000 0.833333 0.866667 0.900000 0.933333 0.966667 1.000000 1.033333
1.066667 1.100000 1.133333 1.166667 1.200000 1.233333 1.266667 1.300000 1.333333 1.366667 1.400000 1.433333 1.466667 1.500000 1.533333 1.566667
1.600000 1.633333 1.666667 1.700000 1.733333 1.766667 1.800000 1.833333 1.866667 1.900000 1.933333 1.966667 2.000000</float_array><technique_common><accessor source="#arissa_Spine-Matrix-animation-input-array" count="61"><param name="TIME" type="float"/></accessor></technique_common></source><source id="arissa_Spine-Matrix-animation-output-transform"><float_array id="arissa_Spine-Matrix-animation-output-transform-array" count="976">

0.999935 -0.000732 -0.011400 0.000000 -0.000819 0.990787 -0.135425 9.226300 0.011394 0.135426 0.990722 1.577100 0.000000 0.000000 0.000000 1.000000
0.999928 -0.000909 -0.011976 -0.000000 -0.000723 0.990769 -0.135556 9.226300 0.011988 0.135555 0.990697 1.577100 0.000000 0.000000 0.000000 1.000000
0.999919 -0.001176 -0.012657 0.000000 -0.000555 0.990721 -0.135913 9.226300 0.012700 0.135909 0.990640 1.577100 0.000000 0.000000 0.000000 1.000000
0.999912 -0.001273 -0.013179 -0.000000 -0.000535 0.990674 -0.136253 9.226300 0.013229 0.136248 0.990586 1.577100 0.000000 0.000000 0.000000 1.000000
0.999905 -0.001829 -0.013676 0.000000 -0.000051 0.990686 -0.136169 9.226300 0.013798 0.136157 0.990591 1.577100 0.000000 0.000000 0.000000 1.000000
0.999885 -0.002651 -0.014902 0.000000 0.000592 0.990640 -0.136501 9.226300 0.015124 0.136477 0.990528 1.577100 0.000000 0.000000 0.000000 1.000000
0.999860 -0.003820 -0.016295 0.000000 0.001548 0.990541 -0.137209 9.226300 0.016665 0.137164 0.990408 1.577100 0.000000 0.000000 0.000000 1.000000
0.999835 -0.005862 -0.017222 -0.000000 0.003434 0.990456 -0.137786 9.226300 0.017865 0.137704 0.990312 1.577100 0.000000 0.000000 0.000000 1.000000
0.999820 -0.007507 -0.017415 -0.000000 0.005010 0.990247 -0.139233 9.226300 0.018290 0.139121 0.990106 1.577100 0.000000 0.000000 0.000000 1.000000
0.999832 -0.008557 -0.016195 0.000000 0.006191 0.990008 -0.140872 9.226300 0.017239 0.140748 0.989895 1.577100 0.000000 0.000000 0.000000 1.000000
0.999837 -0.008276 -0.016021 -0.000000 0.005879 0.989529 -0.144212 9.226300 0.017047 0.144094 0.989417 1.577100 0.000000 0.000000 0.000000 1.000000
0.999815 -0.005744 -0.018363 0.000000 0.002967 0.989008 -0.147835 9.226300 0.019010 0.147753 0.988842 1.577100 0.000000 0.000000 0.000000 1.000000
0.999738 -0.001214 -0.022856 0.000000 -0.002251 0.988535 -0.150974 9.226300 0.022777 0.150986 0.988273 1.577100 0.000000 0.000000 0.000000 1.000000
0.999595 0.004385 -0.028115 0.000000 -0.008639 0.988188 -0.153005 9.226300 0.027112 0.153186 0.987825 1.577100 0.000000 0.000000 0.000000 1.000000
0.999431 0.009832 -0.032273 0.000000 -0.014729 0.987774 -0.155193 9.226300 0.030352 0.155580 0.987357 1.577100 0.000000 0.000000 0.000000 1.000000
0.999367 0.013059 -0.033100 0.000000 -0.018103 0.987432 -0.157003 9.226300 0.030633 0.157503 0.987043 1.577100 0.000000 0.000000 0.000000 1.000000
0.999324 0.011178 -0.035034 0.000000 -0.016648 0.986984 -0.159954 9.226300 0.032790 0.160429 0.986503 1.577100 0.000000 0.000000 0.000000 1.000000
0.999169 0.008224 -0.039913 0.000000 -0.014750 0.985999 -0.166095 9.226300 0.037988 0.166546 0.985302 1.577100 0.000000 0.000000 0.000000 1.000000
0.998780 0.008824 -0.048594 0.000000 -0.017250 0.984271 -0.175821 9.226300 0.046278 0.176445 0.983222 1.577100 0.000000 0.000000 0.000000 1.000000
0.998148 0.007172 -0.060413 0.000000 -0.018277 0.982504 -0.185343 9.226300 0.058027 0.186104 0.980815 1.577100 0.000000 0.000000 0.000000 1.000000
0.997417 0.003063 -0.071762 0.000000 -0.017087 0.980529 -0.195631 9.226300 0.069766 0.196351 0.978048 1.577100 0.000000 0.000000 0.000000 1.000000
0.996674 -0.002113 -0.081461 -0.000000 -0.014834 0.978255 -0.206876 9.226300 0.080126 0.207397 0.974970 1.577100 0.000000 0.000000 0.000000 1.000000
0.996075 -0.004578 -0.088393 0.000000 -0.014678 0.976291 -0.215965 9.226300 0.087286 0.216415 0.972392 1.577100 0.000000 0.000000 0.000000 1.000000
0.995890 -0.005470 -0.090404 -0.000000 -0.014632 0.975345 -0.220198 9.226300 0.089380 0.220616 0.971257 1.577100 0.000000 0.000000 0.000000 1.000000
0.996054 -0.008628 -0.088327 0.000000 -0.011264 0.974924 -0.222254 9.226300 0.088030 0.222372 0.970980 1.577100 0.000000 0.000000 0.000000 1.000000
0.997068 -0.015256 -0.074985 0.000000 -0.001877 0.974754 -0.223276 9.226300 0.076498 0.222762 0.971867 1.577100 0.000000 0.000000 0.000000 1.000000
0.997830 -0.021805 -0.062132 0.000000 0.007345 0.974551 -0.224045 9.226300 0.065436 0.223103 0.972596 1.577100 0.000000 0.000000 0.000000 1.000000
0.998386 -0.025986 -0.050497 0.000000 0.013961 0.974188 -0.225304 9.226300 0.055048 0.224236 0.972979 1.577100 0.000000 0.000000 0.000000 1.000000
0.998792 -0.028874 -0.039760 -0.000000 0.019265 0.974465 -0.223713 9.226300 0.045204 0.222677 0.973844 1.577100 0.000000 0.000000 0.000000 1.000000
0.999031 -0.030312 -0.031905 -0.000000 0.022512 0.974936 -0.221342 9.226300 0.037815 0.220409 0.974674 1.577100 0.000000 0.000000 0.000000 1.000000
0.999184 -0.030592 -0.026383 -0.000000 0.024107 0.975591 -0.218266 9.226300 0.032416 0.217452 0.975533 1.577100 0.000000 0.000000 0.000000 1.000000
0.999311 -0.030357 -0.021348 -0.000000 0.025078 0.976397 -0.214525 9.226300 0.027357 0.213841 0.976485 1.577100 0.000000 0.000000 0.000000 1.000000
0.999419 -0.029635 -0.016833 0.000000 0.025439 0.977330 -0.210187 9.226300 0.022680 0.209637 0.977516 1.577100 0.000000 0.000000 0.000000 1.000000
0.999513 -0.028417 -0.012874 -0.000000 0.025171 0.978367 -0.205341 9.226300 0.018431 0.204917 0.978606 1.577100 0.000000 0.000000 0.000000 1.000000
0.999598 -0.026715 -0.009478 0.000000 0.024280 0.979476 -0.200094 9.226300 0.014629 0.199783 0.979731 1.577100 0.000000 0.000000 0.000000 1.000000
0.999670 -0.024807 -0.006684 -0.000000 0.023033 0.980619 -0.194564 9.226300 0.011381 0.194346 0.980867 1.577100 0.000000 0.000000 0.000000 1.000000
0.999733 -0.022697 -0.004446 0.000000 0.021449 0.981767 -0.188876 9.226300 0.008652 0.188730 0.981991 1.577100 0.000000 0.000000 0.000000 1.000000
0.999783 -0.020668 -0.002746 -0.000000 0.019815 0.982885 -0.183153 9.226300 0.006484 0.183059 0.983081 1.577100 0.000000 0.000000 0.000000 1.000000
0.999825 -0.018645 -0.001532 0.000000 0.018077 0.983953 -0.177512 9.226300 0.004817 0.177453 0.984118 1.577100 0.000000 0.000000 0.000000 1.000000
0.999869 -0.016187 -0.000678 0.000000 0.015829 0.984960 -0.172057 9.226300 0.003453 0.172024 0.985087 1.577100 0.000000 0.000000 0.000000 1.000000
0.999909 -0.013522 -0.000127 0.000000 0.013312 0.985887 -0.166880 9.226300 0.002382 0.166863 0.985977 1.577100 0.000000 0.000000 0.000000 1.000000
0.999940 -0.010949 0.000159 -0.000000 0.010830 0.986723 -0.162053 9.226300 0.001618 0.162045 0.986782 1.577100 0.000000 0.000000 0.000000 1.000000
0.999964 -0.008524 0.000242 0.000000 0.008455 0.987462 -0.157632 9.226300 0.001104 0.157628 0.987498 1.577100 0.000000 0.000000 0.000000 1.000000
0.999980 -0.006295 0.000180 0.000000 0.006248 0.988105 -0.153655 9.226300 0.000789 0.153653 0.988125 1.577100 0.000000 0.000000 0.000000 1.000000
0.999991 -0.004298 0.000021 -0.000000 0.004252 0.988654 -0.150149 9.226300 0.000625 0.150148 0.988663 1.577100 0.000000 0.000000 0.000000 1.000000
0.999997 -0.002567 -0.000197 -0.000000 0.002510 0.989114 -0.147128 9.226300 0.000573 0.147127 0.989117 1.577100 0.000000 0.000000 0.000000 1.000000
0.999999 -0.001106 -0.000436 0.000000 0.001031 0.989490 -0.144597 9.226300 0.000592 0.144596 0.989491 1.577100 0.000000 0.000000 0.000000 1.000000
1.000000 0.000080 -0.000670 0.000000 -0.000175 0.989787 -0.142552 9.226300 0.000652 0.142552 0.989787 1.577100 0.000000 0.000000 0.000000 1.000000
0.999999 0.000990 -0.000878 0.000000 -0.001104 0.990011 -0.140986 9.226300 0.000730 0.140987 0.990011 1.577100 0.000000 0.000000 0.000000 1.000000
0.999998 0.001629 -0.001040 0.000000 -0.001758 0.990166 -0.139887 9.226300 0.000802 0.139888 0.990167 1.577100 0.000000 0.000000 0.000000 1.000000
0.999997 0.002003 -0.001144 0.000000 -0.002143 0.990256 -0.139240 9.226300 0.000854 0.139242 0.990258 1.577100 0.000000 0.000000 0.000000 1.000000
0.999997 0.002121 -0.001145 0.000000 -0.002259 0.990286 -0.139028 9.226300 0.000839 0.139030 0.990288 1.577100 0.000000 0.000000 0.000000 1.000000
0.999997 0.002113 -0.001147 0.000000 -0.002252 0.990286 -0.139028 9.226300 0.000842 0.139030 0.990288 1.577100 0.000000 0.000000 0.000000 1.000000
0.999997 0.002104 -0.001148 -0.000000 -0.002243 0.990286 -0.139028 9.226300 0.000845 0.139030 0.990288 1.577100 0.000000 0.000000 0.000000 1.000000
0.999997 0.002094 -0.001149 -0.000000 -0.002234 0.990286 -0.139028 9.226300 0.000847 0.139030 0.990288 1.577100 0.000000 0.000000 0.000000 1.000000
0.999997 0.002086 -0.001150 0.000000 -0.002226 0.990286 -0.139028 9.226300 0.000849 0.139030 0.990288 1.577100 0.000000 0.000000 0.000000 1.000000
0.999997 0.002079 -0.001150 0.000000 -0.002219 0.990286 -0.139028 9.226300 0.000850 0.139030 0.990288 1.577100 0.000000 0.000000 0.000000 1.000000
0.999997 0.002073 -0.001151 0.000000 -0.002213 0.990286 -0.139028 9.226300 0.000852 0.139030 0.990288 1.577100 0.000000 0.000000 0.000000 1.000000
0.999997 0.002071 -0.001152 0.000000 -0.002211 0.990286 -0.139028 9.226300 0.000853 0.139030 0.990288 1.577100 0.000000 0.000000 0.000000 1.000000
0.999997 0.002072 -0.001151 -0.000000 -0.002211 0.990286 -0.139028 9.226300 0.000852 0.139030 0.990288 1.577100 0.000000 0.000000 0.000000 1.000000
0.999997 0.002075 -0.001151 0.000000 -0.002215 0.990286 -0.139028 9.226300 0.000852 0.139030 0.990288 1.577100 0.000000 0.000000 0.000000 1.000000</float_array><technique_common><accessor source="#arissa_Spine-Matrix-animation-output-transform-array" count="61" stride="16"><param type="float4x4"/></accessor></technique_common></source><source id="arissa_Spine-Interpolations"><Name_array id="arissa_Spine-Interpolations-array" count="61">
 LINEAR LINEAR LINEAR LINEAR LINEAR LINEAR LINEAR LINEAR LINEAR LINEAR LINEAR
LINEAR LINEAR LINEAR LINEAR LINEAR LINEAR LINEAR LINEAR LINEAR LINEAR LINEAR LINEAR
LINEAR LINEAR LINEAR LINEAR LINEAR LINEAR LINEAR LINEAR LINEAR LINEAR LINEAR LINEAR
LINEAR LINEAR LINEAR LINEAR LINEAR LINEAR LINEAR LINEAR LINEAR LINEAR LINEAR LINEAR
LINEAR LINEAR LINEAR LINEAR LINEAR LINEAR LINEAR LINEAR LINEAR LINEAR LINEAR LINEAR
LINEAR LINEAR</Name_array><technique_common><accessor source="#arissa_Spine-Interpolations-array" count="61"><param type="name"/></accessor></technique_common></source><sampler id="arissa_Spine-Matrix-animation-transform"><input semantic="INPUT" source="#arissa_Spine-Matrix-animation-input"/><input semantic="OUTPUT" source="#arissa_Spine-Matrix-animation-output-transform"/><input semantic="INTERPOLATION" source="#arissa_Spine-Interpolations"/></sampler><channel source="#arissa_Spine-Matrix-animation-transform" target="arissa_Spine/matrix"/></animation>
    <animation id="arissa_Spine1-anim" name="arissa_Spine1"><source id="arissa_Spine1-Matrix-animation-input"><float_array id="arissa_Spine1-Matrix-animation-input-array" count="61">

0.000000 0.033333 0.066667 0.100000 0.133333 0.166667 0.200000 0.233333 0.266667 0.300000 0.333333 0.366667 0.400000 0.433333 0.466667 0.500000
0.533333 0.566667 0.600000 0.633333 0.666667 0.700000 0.733333 0.766667 0.800000 0.833333 0.866667 0.900000 0.933333 0.966667 1.000000 1.033333
1.066667 1.100000 1.133333 1.166667 1.200000 1.233333 1.266667 1.300000 1.333333 1.366667 1.400000 1.433333 1.466667 1.500000 1.533333 1.566667
1.600000 1.633333 1.666667 1.700000 1.733333 1.766667 1.800000 1.833333 1.866667 1.900000 1.933333 1.966667 2.000000</float_array><technique_common><accessor source="#arissa_Spine1-Matrix-animation-input-array" count="61"><param name="TIME" type="float"/></accessor></technique_common></source><source id="arissa_Spine1-Matrix-animation-output-transform"><float_array id="arissa_Spine1-Matrix-animation-output-transform-array" count="976">

0.999916 0.012003 -0.004901 0.000000 -0.012897 0.959727 -0.280639 16.254000 0.001335 0.280679 0.959801 -0.165600 0.000000 0.000000 0.000000 1.000000
0.999915 0.012003 -0.005053 0.000000 -0.012939 0.959726 -0.280639 16.254000 0.001481 0.280680 0.959800 -0.165600 0.000000 0.000000 0.000000 1.000000
0.999914 0.012003 -0.005236 0.000000 -0.012991 0.959726 -0.280638 16.254000 0.001656 0.280682 0.959799 -0.165600 0.000000 0.000000 0.000000 1.000000
0.999914 0.012003 -0.005373 0.000000 -0.013029 0.959725 -0.280638 16.254000 0.001788 0.280684 0.959799 -0.165600 0.000000 0.000000 0.000000 1.000000
0.999913 0.011946 -0.005509 0.000000 -0.013012 0.959725 -0.280638 16.254000 0.001934 0.280685 0.959798 -0.165600 0.000000 0.000000 0.000000 1.000000
0.999914 0.011726 -0.005821 0.000000 -0.012889 0.959727 -0.280638 16.254000 0.002296 0.280689 0.959796 -0.165600 0.000000 0.000000 0.000000 1.000000
0.999915 0.011453 -0.006175 0.000000 -0.012726 0.959739 -0.280604 16.254000 0.002712 0.280659 0.959804 -0.165600 0.000000 0.000000 0.000000 1.000000
0.999919 0.011016 -0.006385 -0.000000 -0.012364 0.959842 -0.280269 16.254000 0.003041 0.280325 0.959900 -0.165600 0.000000 0.000000 0.000000 1.000000
0.999926 0.010420 -0.006356 0.000000 -0.011783 0.959926 -0.280006 16.254000 0.003184 0.280060 0.959977 -0.165600 0.000000 0.000000 0.000000 1.000000
0.999934 0.009884 -0.005941 0.000000 -0.011150 0.960150 -0.279262 16.254000 0.002944 0.279310 0.960197 -0.165600 0.000000 0.000000 0.000000 1.000000
0.999941 0.009166 -0.005762 0.000000 -0.010408 0.960338 -0.278646 16.254000 0.002980 0.278689 0.960377 -0.165600 0.000000 0.000000 0.000000 1.000000
0.999943 0.008666 -0.006280 -0.000000 -0.010072 0.960408 -0.278415 16.254000 0.003618 0.278463 0.960440 -0.165600 0.000000 0.000000 0.000000 1.000000
0.999937 0.008452 -0.007407 -0.000000 -0.010179 0.960470 -0.278196 16.254000 0.004763 0.278254 0.960496 -0.165600 0.000000 0.000000 0.000000 1.000000
0.999925 0.008538 -0.008773 0.000000 -0.010641 0.960487 -0.278121 16.254000 0.006052 0.278193 0.960506 -0.165600 0.000000 0.000000 0.000000 1.000000
0.999908 0.009220 -0.009948 0.000000 -0.011626 0.960404 -0.278369 16.254000 0.006988 0.278459 0.960423 -0.165600 0.000000 0.000000 0.000000 1.000000
0.999899 0.009893 -0.010225 -0.000000 -0.012354 0.960195 -0.279056 16.254000 0.007058 0.279154 0.960220 -0.165600 0.000000 0.000000 0.000000 1.000000
0.999898 0.009416 -0.010716 -0.000000 -0.012043 0.959825 -0.280340 16.254000 0.007646 0.280440 0.959841 -0.165600 0.000000 0.000000 0.000000 1.000000
0.999890 0.008777 -0.011977 0.000000 -0.011795 0.959463 -0.281587 16.254000 0.009020 0.281697 0.959461 -0.165600 0.000000 0.000000 0.000000 1.000000
0.999852 0.009388 -0.014433 0.000000 -0.013099 0.958790 -0.283813 16.254000 0.011174 0.283960 0.958771 -0.165600 0.000000 0.000000 0.000000 1.000000
0.999799 0.009343 -0.017746 0.000000 -0.014030 0.958133 -0.285978 16.254000 0.014331 0.286170 0.958072 -0.165600 0.000000 0.000000 0.000000 1.000000
0.999745 0.008648 -0.020868 0.000000 -0.014290 0.957602 -0.287740 16.254000 0.017494 0.287965 0.957481 -0.165600 0.000000 0.000000 0.000000 1.000000
0.999697 0.007481 -0.023449 0.000000 -0.013949 0.957133 -0.289312 16.254000 0.020279 0.289551 0.956948 -0.165600 0.000000 0.000000 0.000000 1.000000
0.999659 0.006619 -0.025244 0.000000 -0.013658 0.956949 -0.289933 16.254000 0.022238 0.290179 0.956714 -0.165600 0.000000 0.000000 0.000000 1.000000
0.999642 0.006763 -0.025886 0.000000 -0.014026 0.956372 -0.291816 16.254000 0.022783 0.292074 0.956124 -0.165600 0.000000 0.000000 0.000000 1.000000
0.999656 0.006530 -0.025395 0.000000 -0.013691 0.955985 -0.293097 16.254000 0.022363 0.293344 0.955745 -0.165600 0.000000 0.000000 0.000000 1.000000
0.999739 0.006585 -0.021872 -0.000000 -0.012736 0.955574 -0.294476 16.254000 0.018961 0.294677 0.955409 -0.165600 0.000000 0.000000 0.000000 1.000000
0.999814 0.005881 -0.018388 0.000000 -0.011043 0.955470 -0.294880 16.254000 0.015835 0.295028 0.955357 -0.165600 0.000000 0.000000 0.000000 1.000000
0.999893 0.005141 -0.013659 -0.000000 -0.008953 0.955183 -0.295882 16.254000 0.011526 0.295972 0.955127 -0.165600 0.000000 0.000000 0.000000 1.000000
0.999946 0.003348 -0.009844 -0.000000 -0.006099 0.955651 -0.294437 16.254000 0.008422 0.294481 0.955620 -0.165600 0.000000 0.000000 0.000000 1.000000
0.999945 0.003685 -0.009821 0.000000 -0.006407 0.955889 -0.293657 16.254000 0.008305 0.293704 0.955860 -0.165600 0.000000 0.000000 0.000000 1.000000
0.999946 0.004095 -0.009602 -0.000000 -0.006729 0.956091 -0.292994 16.254000 0.007980 0.293042 0.956066 -0.165600 0.000000 0.000000 0.000000 1.000000
0.999946 0.004562 -0.009317 -0.000000 -0.007087 0.956303 -0.292291 16.254000 0.007576 0.292341 0.956284 -0.165600 0.000000 0.000000 0.000000 1.000000
0.999947 0.005082 -0.008969 0.000000 -0.007477 0.956525 -0.291554 16.254000 0.007097 0.291606 0.956512 -0.165600 0.000000 0.000000 0.000000 1.000000
0.999947 0.005649 -0.008563 0.000000 -0.007895 0.956753 -0.290793 16.254000 0.006550 0.290845 0.956748 -0.165600 0.000000 0.000000 0.000000 1.000000
0.999948 0.006253 -0.008108 0.000000 -0.008336 0.956986 -0.290016 16.254000 0.005945 0.290068 0.956987 -0.165600 0.000000 0.000000 0.000000 1.000000
0.999947 0.006884 -0.007611 0.000000 -0.008792 0.957218 -0.289235 16.254000 0.005295 0.289286 0.957228 -0.165600 0.000000 0.000000 0.000000 1.000000
0.999947 0.007530 -0.007087 -0.000000 -0.009255 0.957447 -0.288461 16.254000 0.004613 0.288511 0.957465 -0.165600 0.000000 0.000000 0.000000 1.000000
0.999945 0.008178 -0.006547 0.000000 -0.009715 0.957669 -0.287708 16.254000 0.003917 0.287756 0.957696 -0.165600 0.000000 0.000000 0.000000 1.000000
0.999943 0.008813 -0.006005 0.000000 -0.010166 0.957881 -0.286987 16.254000 0.003223 0.287031 0.957916 -0.165600 0.000000 0.000000 0.000000 1.000000
0.999941 0.009425 -0.005473 0.000000 -0.010598 0.958079 -0.286307 16.254000 0.002545 0.286348 0.958122 -0.165600 0.000000 0.000000 0.000000 1.000000
0.999938 0.010003 -0.004963 0.000000 -0.011004 0.958263 -0.285678 16.254000 0.001898 0.285714 0.958313 -0.165600 0.000000 0.000000 0.000000 1.000000
0.999934 0.010539 -0.004484 0.000000 -0.011380 0.958429 -0.285104 16.254000 0.001293 0.285136 0.958486 -0.165600 0.000000 0.000000 0.000000 1.000000
0.999931 0.011026 -0.004043 0.000000 -0.011721 0.958578 -0.284590 16.254000 0.000737 0.284618 0.958641 -0.165600 0.000000 0.000000 0.000000 1.000000
0.999928 0.011461 -0.003645 0.000000 -0.012025 0.958708 -0.284137 16.254000 0.000238 0.284161 0.958777 -0.165600 0.000000 0.000000 0.000000 1.000000
0.999924 0.011842 -0.003295 0.000000 -0.012290 0.958821 -0.283747 16.254000 -0.000200 0.283766 0.958894 -0.165600 0.000000 0.000000 0.000000 1.000000
0.999922 0.012167 -0.002994 0.000000 -0.012516 0.958915 -0.283416 16.254000 -0.000577 0.283431 0.958992 -0.165600 0.000000 0.000000 0.000000 1.000000
0.999919 0.012437 -0.002741 0.000000 -0.012704 0.958993 -0.283144 16.254000 -0.000892 0.283156 0.959074 -0.165600 0.000000 0.000000 0.000000 1.000000
0.999917 0.012653 -0.002539 0.000000 -0.012854 0.959055 -0.282928 16.254000 -0.001145 0.282937 0.959138 -0.165600 0.000000 0.000000 0.000000 1.000000
0.999915 0.012817 -0.002384 0.000000 -0.012968 0.959102 -0.282765 16.254000 -0.001338 0.282772 0.959186 -0.165600 0.000000 0.000000 0.000000 1.000000
0.999914 0.012931 -0.002275 0.000000 -0.013047 0.959134 -0.282653 16.254000 -0.001473 0.282658 0.959220 -0.165600 0.000000 0.000000 0.000000 1.000000
0.999913 0.012998 -0.002212 -0.000000 -0.013093 0.959152 -0.282587 16.254000 -0.001552 0.282592 0.959239 -0.165600 0.000000 0.000000 0.000000 1.000000
0.999913 0.012998 -0.002212 0.000000 -0.013093 0.959152 -0.282587 16.254000 -0.001552 0.282592 0.959239 -0.165600 0.000000 0.000000 0.000000 1.000000
0.999913 0.012998 -0.002211 0.000000 -0.013093 0.959152 -0.282587 16.254000 -0.001552 0.282592 0.959239 -0.165600 0.000000 0.000000 0.000000 1.000000
0.999913 0.012998 -0.002212 0.000000 -0.013093 0.959152 -0.282587 16.254000 -0.001552 0.282592 0.959239 -0.165600 0.000000 0.000000 0.000000 1.000000
0.999913 0.012998 -0.002211 0.000000 -0.013093 0.959152 -0.282587 16.254000 -0.001552 0.282592 0.959239 -0.165600 0.000000 0.000000 0.000000 1.000000
0.999913 0.012998 -0.002212 0.000000 -0.013093 0.959152 -0.282587 16.254000 -0.001552 0.282592 0.959239 -0.165600 0.000000 0.000000 0.000000 1.000000
0.999913 0.012998 -0.002212 0.000000 -0.013093 0.959152 -0.282587 16.254000 -0.001552 0.282592 0.959239 -0.165600 0.000000 0.000000 0.000000 1.000000
0.999913 0.012998 -0.002211 -0.000000 -0.013093 0.959152 -0.282587 16.254000 -0.001552 0.282592 0.959239 -0.165600 0.000000 0.000000 0.000000 1.000000
0.999913 0.012998 -0.002211 0.000000 -0.013093 0.959152 -0.282587 16.254000 -0.001552 0.282592 0.959239 -0.165600 0.000000 0.000000 0.000000 1.000000
0.999913 0.012998 -0.002211 0.000000 -0.013093 0.959152 -0.282587 16.254000 -0.001552 0.282592 0.959239 -0.165600 0.000000 0.000000 0.000000 1.000000
0.999913 0.012998 -0.002211 -0.000000 -0.013093 0.959152 -0.282587 16.254000 -0.001552 0.282592 0.959239 -0.165600 0.000000 0.000000 0.000000 1.000000</float_array><technique_common><accessor source="#arissa_Spine1-Matrix-animation-output-transform-array" count="61" stride="16"><param type="float4x4"/></accessor></technique_common></source><source id="arissa_Spine1-Interpolations"><Name_array id="arissa_Spine1-Interpolations-array" count="61">
 LINEAR LINEAR LINEAR LINEAR LINEAR LINEAR LINEAR LINEAR LINEAR LINEAR LINEAR
LINEAR LINEAR LINEAR LINEAR LINEAR LINEAR LINEAR LINEAR LINEAR LINEAR LINEAR LINEAR
LINEAR LINEAR LINEAR LINEAR LINEAR LINEAR LINEAR LINEAR LINEAR LINEAR LINEAR LINEAR
LINEAR LINEAR LINEAR LINEAR LINEAR LINEAR LINEAR LINEAR LINEAR LINEAR LINEAR LINEAR
LINEAR LINEAR LINEAR LINEAR LINEAR LINEAR LINEAR LINEAR LINEAR LINEAR LINEAR LINEAR
LINEAR LINEAR</Name_array><technique_common><accessor source="#arissa_Spine1-Interpolations-array" count="61"><param type="name"/></accessor></technique_common></source><sampler id="arissa_Spine1-Matrix-animation-transform"><input semantic="INPUT" source="#arissa_Spine1-Matrix-animation-input"/><input semantic="OUTPUT" source="#arissa_Spine1-Matrix-animation-output-transform"/><input semantic="INTERPOLATION" source="#arissa_Spine1-Interpolations"/></sampler><channel source="#arissa_Spine1-Matrix-animation-transform" target="arissa_Spine1/matrix"/></animation>
    <animation id="arissa_Spine2-anim" name="arissa_Spine2"><source id="arissa_Spine2-Matrix-animation-input"><float_array id="arissa_Spine2-Matrix-animation-input-array" count="61">

0.000000 0.033333 0.066667 0.100000 0.133333 0.166667 0.200000 0.233333 0.266667 0.300000 0.333333 0.366667 0.400000 0.433333 0.466667 0.500000
0.533333 0.566667 0.600000 0.633333 0.666667 0.700000 0.733333 0.766667 0.800000 0.833333 0.866667 0.900000 0.933333 0.966667 1.000000 1.033333
1.066667 1.100000 1.133333 1.166667 1.200000 1.233333 1.266667 1.300000 1.333333 1.366667 1.400000 1.433333 1.466667 1.500000 1.533333 1.566667
1.600000 1.633333 1.666667 1.700000 1.733333 1.766667 1.800000 1.833333 1.866667 1.900000 1.933333 1.966667 2.000000</float_array><technique_common><accessor source="#arissa_Spine2-Matrix-animation-input-array" count="61"><param name="TIME" type="float"/></accessor></technique_common></source><source id="arissa_Spine2-Matrix-animation-output-transform"><float_array id="arissa_Spine2-Matrix-animation-output-transform-array" count="976">

0.999915 0.011518 -0.006109 0.000000 -0.012769 0.959729 -0.280638 13.639600 0.002630 0.280692 0.959794 -1.292300 0.000000 0.000000 0.000000 1.000000
0.999914 0.011518 -0.006247 -0.000000 -0.012808 0.959728 -0.280638 13.639600 0.002763 0.280694 0.959793 -1.292300 0.000000 0.000000 0.000000 1.000000
0.999913 0.011518 -0.006368 0.000000 -0.012842 0.959728 -0.280638 13.639600 0.002879 0.280695 0.959793 -1.292300 0.000000 0.000000 0.000000 1.000000
0.999913 0.011518 -0.006479 0.000000 -0.012873 0.959728 -0.280637 13.639600 0.002986 0.280696 0.959792 -1.292300 0.000000 0.000000 0.000000 1.000000
0.999912 0.011461 -0.006661 0.000000 -0.012869 0.959728 -0.280637 13.639600 0.003176 0.280698 0.959791 -1.292300 0.000000 0.000000 0.000000 1.000000
0.999913 0.011255 -0.006949 0.000000 -0.012753 0.959729 -0.280637 13.639600 0.003510 0.280701 0.959789 -1.292300 0.000000 0.000000 0.000000 1.000000
0.999913 0.010945 -0.007309 -0.000000 -0.012556 0.959750 -0.280575 13.639600 0.003944 0.280642 0.959804 -1.292300 0.000000 0.000000 0.000000 1.000000
0.999916 0.010505 -0.007532 -0.000000 -0.012196 0.959822 -0.280346 13.639600 0.004285 0.280415 0.959869 -1.292300 0.000000 0.000000 0.000000 1.000000
0.999923 0.009954 -0.007438 -0.000000 -0.011638 0.959959 -0.279898 13.639600 0.004354 0.279963 0.960001 -1.292300 0.000000 0.000000 0.000000 1.000000
0.999931 0.009323 -0.007119 0.000000 -0.010941 0.960144 -0.279293 13.639600 0.004232 0.279352 0.960179 -1.292300 0.000000 0.000000 0.000000 1.000000
0.999938 0.008652 -0.006998 0.000000 -0.010259 0.960313 -0.278735 13.639600 0.004309 0.278789 0.960343 -1.292300 0.000000 0.000000 0.000000 1.000000
0.999939 0.008072 -0.007499 -0.000000 -0.009841 0.960425 -0.278366 13.639600 0.004956 0.278423 0.960446 -1.292300 0.000000 0.000000 0.000000 1.000000
0.999932 0.007831 -0.008652 -0.000000 -0.009929 0.960481 -0.278168 13.639600 0.006132 0.278235 0.960494 -1.292300 0.000000 0.000000 0.000000 1.000000
0.999917 0.008110 -0.010005 0.000000 -0.010574 0.960482 -0.278142 13.639600 0.007354 0.278225 0.960488 -1.292300 0.000000 0.000000 0.000000 1.000000
0.999902 0.008702 -0.010974 0.000000 -0.011413 0.960395 -0.278407 13.639600 0.008116 0.278505 0.960400 -1.292300 0.000000 0.000000 0.000000 1.000000
0.999894 0.009018 -0.011415 0.000000 -0.011846 0.960196 -0.279076 13.639600 0.008444 0.279182 0.960201 -1.292300 0.000000 0.000000 0.000000 1.000000
0.999891 0.008812 -0.011878 -0.000000 -0.011787 0.959875 -0.280181 13.639600 0.008932 0.280290 0.959874 -1.292300 0.000000 0.000000 0.000000 1.000000
0.999877 0.008562 -0.013140 0.000000 -0.011918 0.959410 -0.281765 13.639600 0.010194 0.281886 0.959394 -1.292300 0.000000 0.000000 0.000000 1.000000
0.999842 0.008629 -0.015528 0.000000 -0.012683 0.958800 -0.283800 13.639600 0.012439 0.283952 0.958758 -1.292300 0.000000 0.000000 0.000000 1.000000
0.999789 0.008576 -0.018666 0.000000 -0.013557 0.958147 -0.285956 13.639600 0.015432 0.286149 0.958061 -1.292300 0.000000 0.000000 0.000000 1.000000
0.999731 0.007884 -0.021818 0.000000 -0.013832 0.957597 -0.287777 13.639600 0.018624 0.288002 0.957449 -1.292300 0.000000 0.000000 0.000000 1.000000
0.999679 0.006778 -0.024432 0.000000 -0.013556 0.957196 -0.289123 13.639600 0.021427 0.289361 0.956980 -1.292300 0.000000 0.000000 0.000000 1.000000
0.999638 0.005948 -0.026242 -0.000000 -0.013314 0.956844 -0.290297 13.639600 0.023383 0.290541 0.956577 -1.292300 0.000000 0.000000 0.000000 1.000000
0.999620 0.005724 -0.026949 0.000000 -0.013339 0.956434 -0.291645 13.639600 0.024106 0.291894 0.956147 -1.292300 0.000000 0.000000 0.000000 1.000000
0.999643 0.005830 -0.026064 0.000000 -0.013217 0.955989 -0.293105 13.639600 0.023208 0.293345 0.955725 -1.292300 0.000000 0.000000 0.000000 1.000000
0.999712 0.005771 -0.023314 0.000000 -0.012382 0.955605 -0.294391 13.639600 0.020580 0.294595 0.955401 -1.292300 0.000000 0.000000 0.000000 1.000000
0.999803 0.005180 -0.019139 0.000000 -0.010601 0.955366 -0.295234 13.639600 0.016755 0.295379 0.955233 -1.292300 0.000000 0.000000 0.000000 1.000000
0.999883 0.004104 -0.014754 -0.000000 -0.008280 0.955353 -0.295351 13.639600 0.012883 0.295439 0.955275 -1.292300 0.000000 0.000000 0.000000 1.000000
0.999926 0.003138 -0.011730 0.000000 -0.006456 0.955570 -0.294693 13.639600 0.010284 0.294747 0.955520 -1.292300 0.000000 0.000000 0.000000 1.000000
